0.184367 -0.298519 1.104927
0.183590 -0.298576 1.105569
0.183590 -0.298576 1.105569
0.183590 -0.298576 1.105569
0.183590 -0.298576 1.105569
0.182634 -0.298407 1.106977
0.182634 -0.298407 1.106977
0.182634 -0.298407 1.106977
0.182634 -0.298407 1.106977
0.182634 -0.298407 1.106977
0.181854 -0.298464 1.107615
0.181854 -0.298464 1.107615
0.181854 -0.298464 1.107615
0.181854 -0.298464 1.107615
0.181854 -0.298464 1.107615
0.181854 -0.298464 1.107615
0.181854 -0.298464 1.107615
0.181854 -0.298464 1.107615
0.182052 -0.297178 1.107000
0.182052 -0.297178 1.107000
0.182356 -0.296262 1.107692
0.182178 -0.295457 1.106234
0.182371 -0.294173 1.105628
0.182303 -0.292907 1.105372
0.182597 -0.291163 1.105997
0.182548 -0.290577 1.107152
0.183261 -0.289256 1.106258
0.183182 -0.287838 1.107378
0.184933 -0.286268 1.106610
0.186705 -0.284502 1.106898
0.186547 -0.281811 1.107773
0.189050 -0.281450 1.108432
0.190486 -0.279336 1.106027
0.192226 -0.278447 1.108392
0.194042 -0.276006 1.105529
0.196374 -0.274682 1.102315
0.200296 -0.274149 1.100808
0.205009 -0.272941 1.096928
0.210311 -0.272320 1.095141
0.215277 -0.270734 1.092482
0.221006 -0.271564 1.086533
0.225640 -0.271708 1.085937
0.231274 -0.271947 1.082929
0.237460 -0.272592 1.077926
0.243956 -0.274255 1.075633
0.250100 -0.273634 1.070194
0.255321 -0.274198 1.067604
0.262220 -0.274360 1.067694
0.269360 -0.274625 1.064408
0.276636 -0.274952 1.062635
0.281289 -0.273811 1.059097
0.289374 -0.273562 1.057196
0.294631 -0.273102 1.058640
0.303272 -0.271354 1.054838
0.310798 -0.270692 1.052109
0.318437 -0.269970 1.053332
0.325619 -0.267658 1.052279
0.333059 -0.265132 1.052028
0.342302 -0.264703 1.051697
0.346277 -0.261949 1.052046
0.352595 -0.260618 1.055564
0.360297 -0.259277 1.054986
0.366584 -0.257937 1.058535
0.375139 -0.256592 1.056379
0.380834 -0.255296 1.061069
0.388251 -0.253875 1.058104
0.393776 -0.252547 1.063060
0.401388 -0.252387 1.062809
0.407122 -0.251643 1.063117
0.411357 -0.250157 1.067580
0.418801 -0.249839 1.066217
0.424391 -0.249082 1.066809
0.429236 -0.247416 1.068628
0.434432 -0.246976 1.071101
0.437220 -0.244576 1.075586
0.441913 -0.243926 1.077647
0.445483 -0.242257 1.081717
0.448546 -0.241123 1.085997
0.453933 -0.240299 1.087789
0.456009 -0.238779 1.093884
0.459339 -0.236390 1.100320
0.462666 -0.235895 1.104955
0.466060 -0.234043 1.108121
0.469978 -0.232749 1.112018
0.472325 -0.231195 1.120414
0.476774 -0.230300 1.124202
0.479420 -0.227550 1.129624
0.483196 -0.227497 1.133717
0.483934 -0.224546 1.139540
0.488128 -0.223524 1.146380
0.490892 -0.222050 1.151572
0.493558 -0.219426 1.156189
0.495104 -0.216993 1.161095
0.499099 -0.215498 1.167443
0.501959 -0.212948 1.169203
0.502373 -0.210246 1.172746
0.503020 -0.208052 1.180489
0.503481 -0.205353 1.183974
0.504722 -0.202603 1.187714
0.506291 -0.200897 1.195907
0.505575 -0.198290 1.200525
0.507039 -0.194957 1.205134
0.506896 -0.193375 1.211649
0.506989 -0.190711 1.216575
0.506069 -0.187227 1.222902
0.505984 -0.185649 1.229408
0.505162 -0.183698 1.231664
0.504624 -0.182183 1.237368
0.503301 -0.179680 1.243637
0.502092 -0.178449 1.248191
0.499621 -0.176780 1.254028
0.497564 -0.174365 1.259830
0.496778 -0.173791 1.264296
0.495402 -0.172616 1.270241
0.493350 -0.171101 1.276743
0.490221 -0.169213 1.281237
0.489770 -0.167660 1.289705
0.488153 -0.165550 1.295304
0.484942 -0.163832 1.302106
0.482335 -0.162793 1.309331
0.481471 -0.160406 1.315230
0.478475 -0.157722 1.321409
0.475406 -0.156687 1.329069
0.471915 -0.154827 1.337726
0.467743 -0.152329 1.345291
0.465159 -0.151332 1.352551
0.461820 -0.148173 1.361636
0.458054 -0.147015 1.366820
0.454809 -0.144963 1.374636
0.451216 -0.142484 1.382313
0.446405 -0.140767 1.390753
0.442651 -0.139638 1.395958
0.437067 -0.137116 1.402972
0.432808 -0.135420 1.409400
0.428888 -0.133628 1.418718
0.425634 -0.130727 1.425336
0.420992 -0.129741 1.429961
0.417816 -0.128089 1.436608
0.414255 -0.126431 1.443093
0.410994 -0.124659 1.450596
0.408790 -0.121913 1.455365
0.405830 -0.119534 1.460688
0.402706 -0.117785 1.470390
0.399670 -0.114168 1.473736
0.396495 -0.111298 1.480292
0.393626 -0.108950 1.485691
0.389084 -0.105455 1.490657
0.385580 -0.103112 1.498238
0.382573 -0.100139 1.506713
0.377189 -0.097763 1.512389
0.374544 -0.095459 1.518440
0.368830 -0.092553 1.525183
0.364999 -0.090007 1.536843
0.360122 -0.087715 1.545856
0.356139 -0.086042 1.558853
0.351375 -0.084374 1.563466
0.347446 -0.082678 1.575363
0.342543 -0.081764 1.582951
0.338538 -0.080074 1.594494
0.333563 -0.079180 1.601776
0.327130 -0.076791 1.612229
0.321941 -0.075870 1.617520
0.317444 -0.075421 1.627523
0.311975 -0.074420 1.635306
0.306700 -0.073577 1.641444
0.300823 -0.073549 1.641487
0.295826 -0.071839 1.648035
0.290302 -0.070960 1.652249
0.284071 -0.069075 1.653596
0.281023 -0.068031 1.659831
0.274494 -0.067335 1.659001
0.269165 -0.065639 1.664459
0.264627 -0.064882 1.663697
0.261253 -0.064210 1.664733
0.256920 -0.064726 1.664735
0.251473 -0.063962 1.666291
0.248011 -0.063781 1.666413
0.241881 -0.063716 1.664957
0.237783 -0.062906 1.666823
0.232646 -0.060918 1.665213
0.227913 -0.060806 1.666743
0.222906 -0.060665 1.667587
0.217965 -0.060027 1.667855
0.212780 -0.059819 1.667366
0.208299 -0.059790 1.666650
0.202207 -0.060295 1.665821
0.196694 -0.060013 1.667499
0.190584 -0.059962 1.666403
0.184150 -0.059837 1.667318
0.179785 -0.060284 1.672228
0.174570 -0.060647 1.672369
0.168462 -0.063316 1.672972
0.165057 -0.063222 1.674371
0.158938 -0.062363 1.677260
0.153651 -0.061327 1.680989
0.149689 -0.060650 1.683432
0.144672 -0.060545 1.684819
0.141037 -0.059166 1.687334
0.137133 -0.057642 1.690247
0.131205 -0.056336 1.694203
0.126413 -0.053595 1.695302
0.122417 -0.051274 1.701838
0.116478 -0.049991 1.705832
0.112894 -0.047203 1.708307
0.106936 -0.046490 1.712485
0.100942 -0.043562 1.720531
0.095292 -0.042076 1.726213
0.090948 -0.040858 1.729850
0.084873 -0.038870 1.732219
0.078533 -0.037249 1.738151
0.074216 -0.035158 1.741960
0.068153 -0.032640 1.744192
0.062211 -0.030541 1.748435
0.057789 -0.027145 1.750387
0.054185 -0.025785 1.749782
0.047440 -0.022526 1.753868
0.041859 -0.019628 1.755302
0.035444 -0.016456 1.755176
0.028777 -0.013639 1.754339
0.021220 -0.011133 1.753493
0.013838 -0.009030 1.754366
0.007332 -0.005515 1.755931
0.001032 -0.002733 1.753765
-0.005274 -0.000951 1.753908
-0.011675 0.000741 1.754900
-0.015306 0.003597 1.754314
-0.019643 0.004782 1.755469
-0.024792 0.004892 1.755133
-0.028039 0.007069 1.755511
-0.031972 0.008209 1.755385
-0.035257 0.010463 1.753548
-0.038945 0.012379 1.753097
-0.046779 0.014954 1.754976
-0.053092 0.017761 1.752846
-0.060334 0.019765 1.751372
-0.070255 0.022468 1.753281
-0.076182 0.024242 1.750134
-0.083901 0.026703 1.749859
-0.093387 0.028944 1.750726
-0.100322 0.030322 1.748249
-0.137449 0.017871 1.682663
-0.130548 0.016126 1.677626
-0.122817 0.012036 1.672954
-0.115764 0.006506 1.667921
-0.108546 0.001339 1.664824
-0.098368 -0.002620 1.659245
-0.088070 -0.006688 1.655977
-0.076049 -0.009730 1.645884
-0.064687 -0.013356 1.639458
-0.053237 -0.015696 1.628283
-0.047218 -0.016595 1.620316
-0.044194 -0.018375 1.612276
-0.042805 -0.018878 1.605755
-0.041782 -0.019676 1.595537
-0.043769 -0.019796 1.592239
-0.043222 -0.020672 1.585607
-0.043229 -0.021354 1.580304
-0.043204 -0.021531 1.574526
-0.044533 -0.020993 1.567898
-0.046967 -0.021736 1.560767
-0.049488 -0.021006 1.556597
-0.051658 -0.020617 1.551835
-0.052728 -0.019925 1.546403
-0.053896 -0.019346 1.538688
-0.054973 -0.018612 1.533660
-0.057723 -0.017562 1.527391
-0.059538 -0.015485 1.523898
-0.060367 -0.014335 1.515440
-0.063292 -0.011518 1.512029
-0.065987 -0.008265 1.505736
-0.068091 -0.007063 1.500767
-0.071067 -0.005056 1.497656
-0.073823 -0.003006 1.491422
-0.077127 -0.003090 1.486908
-0.081317 -0.001733 1.481658
-0.084117 -0.000493 1.475778
-0.087500 0.000111 1.471769
-0.090777 0.000034 1.467221
-0.094940 0.001389 1.461930
-0.097971 0.001515 1.458922
-0.100381 0.001475 1.451909
-0.102923 0.001234 1.448510
-0.104758 0.001128 1.439738
-0.107067 0.001091 1.437901
-0.107212 0.001406 1.430683
-0.109434 0.000687 1.422919
-0.109245 -0.000389 1.414978
-0.111137 0.000183 1.412065
-0.111276 0.000495 1.404852
-0.112451 0.000592 1.399173
-0.111977 0.000830 1.390119
-0.111160 0.001902 1.385592
-0.111094 0.002408 1.379867
-0.108134 0.001857 1.369843
-0.107346 0.003816 1.361392
-0.106177 0.004709 1.356070
-0.105686 0.004930 1.346969
-0.104898 0.005357 1.339914
-0.104207 0.005777 1.332205
-0.104005 0.004682 1.324249
-0.103713 0.004335 1.315595
-0.103558 0.003204 1.307492
-0.102474 0.003434 1.300173
-0.102415 0.003917 1.294309
-0.103437 0.004750 1.287046
-0.103453 0.005757 1.279074
-0.103564 0.006031 1.271829
-0.103686 0.006246 1.265412
-0.103132 0.005637 1.256302
-0.102792 0.006055 1.247336
-0.102889 0.006326 1.240056
-0.101785 0.005720 1.232983
-0.099213 0.005699 1.224488
-0.098460 0.006079 1.216387
-0.097251 0.006141 1.208599
-0.097338 0.006399 1.201291
-0.096459 0.007469 1.196852
-0.093473 0.006739 1.186859
-0.093559 0.006995 1.179536
-0.092427 0.006335 1.172546
-0.092508 0.006589 1.165208
-0.091743 0.004752 1.159722
-0.091696 0.004353 1.153802
-0.090549 0.003674 1.146838
-0.090898 0.003423 1.140192
-0.089742 0.002735 1.133246
-0.089755 0.002536 1.127729
-0.088867 0.001346 1.121506
-0.088118 0.000503 1.116393
-0.086092 -0.001130 1.111268
-0.085195 -0.000925 1.107071
-0.083171 -0.002555 1.101929
-0.080318 -0.003660 1.093771
-0.078543 -0.004126 1.093483
-0.076466 -0.006016 1.088006
-0.074500 -0.005816 1.083019
-0.070796 -0.006140 1.081293
-0.067770 -0.007397 1.073037
-0.065244 -0.007914 1.070940
-0.062816 -0.008303 1.065756
-0.060462 -0.009595 1.063067
-0.056262 -0.010976 1.055075
-0.054631 -0.010951 1.050914
-0.050741 -0.012778 1.044729
-0.048822 -0.012602 1.039814
-0.046910 -0.012429 1.034913
-0.044048 -0.013899 1.025507
-0.042396 -0.014179 1.021242
-0.040618 -0.014189 1.015325
-0.039493 -0.015007 1.008795
-0.037752 -0.015572 1.003238
-0.037516 -0.016150 0.994440
-0.035865 -0.016343 0.987591
-0.035058 -0.016363 0.982278
-0.034731 -0.017229 0.972207
-0.032872 -0.017078 0.967363
-0.031841 -0.016759 0.963982
0.144359 -0.049939 0.806229
0.149142 -0.052191 0.810041
0.156371 -0.053989 0.808518
0.160473 -0.054737 0.809377
0.167718 -0.056545 0.807897
0.175972 -0.058807 0.814510
0.180878 -0.058723 0.817887
0.187784 -0.060070 0.819666
0.194464 -0.061550 0.823838
0.201155 -0.062424 0.826420
0.209519 -0.064720 0.835049
0.218880 -0.066479 0.840775
0.223274 -0.068131 0.839807
0.230596 -0.071863 0.848953
0.233665 -0.075950 0.853098
0.237076 -0.081256 0.864758
0.234962 -0.085942 0.869735
0.236040 -0.092424 0.879019
0.234850 -0.095402 0.892213
0.233894 -0.098423 0.903658
0.233014 -0.100021 0.915607
0.235911 -0.101613 0.924180
0.238665 -0.101791 0.929565
0.243477 -0.103703 0.930541
0.250713 -0.103912 0.930903
0.257074 -0.104086 0.930303
0.265160 -0.103828 0.929458
0.271966 -0.101841 0.929560
0.278538 -0.101292 0.931150
0.283936 -0.100326 0.926507
0.290179 -0.098932 0.928634
0.296745 -0.098122 0.929089
0.301579 -0.097344 0.929361
0.309059 -0.097587 0.927728
0.314500 -0.095273 0.929213
0.320125 -0.095159 0.929187
0.325923 -0.094012 0.928957
0.331261 -0.093926 0.930600
0.336814 -0.092664 0.932771
0.341945 -0.091361 0.935538
0.346115 -0.091352 0.934818
0.353170 -0.091196 0.939509
0.356303 -0.089259 0.940451
0.363588 -0.089085 0.943274
0.370680 -0.089382 0.945194
0.377458 -0.088225 0.949820
0.383073 -0.087057 0.950870
0.390001 -0.086879 0.954965
0.396959 -0.087322 0.958235
0.404650 -0.087795 0.962910
0.410056 -0.087858 0.964130
0.414770 -0.086311 0.967494
0.422053 -0.086487 0.969739
0.426975 -0.086174 0.972411
0.433736 -0.085964 0.975973
0.438774 -0.085156 0.978364
0.444014 -0.083714 0.981630
0.449159 -0.082251 0.983005
0.452877 -0.080580 0.986007
0.458511 -0.078514 0.989825
0.463586 -0.077434 0.993007
0.467378 -0.075097 0.994807
0.473039 -0.072893 1.000766
0.478139 -0.071553 1.003802
0.481624 -0.069867 1.008103
0.486746 -0.068245 1.011749
0.490092 -0.066014 1.016564
0.495375 -0.064559 1.019259
0.499350 -0.063802 1.024503
0.501677 -0.061555 1.030252
0.504652 -0.059251 1.036842
0.508217 -0.058035 1.041962
0.509552 -0.056760 1.046740
0.511305 -0.053595 1.055614
0.513002 -0.050980 1.064225
0.513154 -0.048069 1.073312
0.514872 -0.045453 1.082020
0.515048 -0.042536 1.091240
0.516227 -0.040853 1.099279
0.515278 -0.038035 1.107284
0.515906 -0.035780 1.118303
0.514958 -0.034122 1.125391
0.515361 -0.031687 1.134963
0.513030 -0.029567 1.146432
0.511545 -0.027691 1.153832
0.509772 -0.026125 1.162278
0.507717 -0.024346 1.172766
0.505943 -0.024884 1.182241
0.502085 -0.023053 1.190714
0.499484 -0.021443 1.200960
0.495474 -0.019827 1.210844
0.491298 -0.019902 1.218816
0.488569 -0.018433 1.225241
0.484510 -0.017491 1.235072
0.479617 -0.015196 1.243149
0.476025 -0.015186 1.252047
0.471973 -0.014292 1.262137
0.467595 -0.012667 1.270784
0.463695 -0.013056 1.281124
0.459920 -0.012250 1.288715
0.455405 -0.009668 1.296366
0.451403 -0.008853 1.307033
0.447626 -0.008095 1.314675
0.443856 -0.005903 1.326387
0.440639 -0.003358 1.333796
0.436735 -0.002116 1.342262
0.432795 0.000820 1.352070
0.429663 0.003332 1.359785
0.426509 0.005868 1.371727
0.422727 0.009258 1.379251
0.419758 0.011741 1.387621
0.416101 0.015101 1.395613
0.413271 0.017562 1.404516
0.410367 0.021218 1.408669
0.408480 0.024394 1.419582
0.406602 0.027441 1.427651
0.405595 0.031897 1.437640
0.405207 0.036016 1.447598
0.403466 0.038545 1.453928
0.402078 0.043566 1.459435
0.400456 0.046566 1.466814
0.398631 0.049122 1.477383
0.396556 0.051045 1.483799
0.394545 0.054133 1.489307
0.390853 0.056462 1.496447
0.386219 0.060102 1.503546
0.382329 0.062431 1.509856
0.378105 0.064779 1.521191
0.374702 0.067275 1.527274
0.370451 0.068941 1.527221
0.368033 0.070535 1.537400
0.362740 0.073632 1.544279
0.357407 0.076716 1.550956
0.353469 0.080190 1.557968
0.346040 0.084189 1.563598
0.341122 0.088394 1.572684
0.333901 0.091688 1.576766
0.325309 0.097551 1.580660
0.318013 0.100730 1.588070
0.310415 0.104640 1.597797
0.303358 0.108818 1.602778
0.296033 0.112668 1.610018
0.288302 0.115927 1.615851
0.279799 0.118974 1.620751
0.271284 0.121084 1.629117
0.265327 0.124140 1.633306
0.257202 0.124992 1.637655
0.250488 0.125440 1.643324
0.242711 0.126254 1.645810
0.237099 0.125909 1.649927
0.230744 0.126566 1.652586
0.224716 0.126221 1.658428
0.219081 0.124912 1.661999
0.213837 0.125160 1.664740
0.208483 0.124572 1.666732
0.202629 0.124828 1.669747
0.197760 0.125056 1.670796
0.193151 0.125109 1.675856
0.188271 0.125332 1.676923
0.182054 0.125334 1.677315
0.178254 0.125432 1.680061
0.174064 0.126233 1.680987
0.168969 0.127600 1.683503
0.161989 0.129273 1.684272
0.155673 0.130796 1.688892
0.147808 0.132423 1.686510
0.139280 0.134012 1.686727
0.129867 0.135559 1.683821
0.122631 0.137943 1.684097
0.113100 0.140444 1.680675
0.103733 0.143541 1.677675
0.093422 0.145230 1.675482
0.086178 0.146217 1.671835
0.077410 0.147974 1.670460
0.068294 0.149909 1.666315
0.060277 0.150621 1.663370
0.051173 0.152548 1.659285
0.044671 0.152795 1.657584
0.035635 0.155252 1.653132
0.029068 0.156321 1.649193
0.021642 0.159137 1.647004
0.014596 0.161702 1.643552
0.006718 0.164633 1.638920
-0.000338 0.167196 1.635528
-0.007292 0.170407 1.632406
-0.015164 0.174030 1.627911
-0.022179 0.177001 1.622041
-0.029199 0.181182 1.618299
-0.034787 0.184264 1.613132
-0.041422 0.186707 1.606203
-0.047332 0.189786 1.602598
-0.053419 0.192612 1.596103
-0.058938 0.195159 1.591398
-0.064570 0.197021 1.586478
-0.071700 0.199321 1.580504
-0.076190 0.201173 1.575448
-0.081277 0.202086 1.569868
-0.085071 0.203793 1.563097
-0.090001 0.203170 1.559338
-0.093271 0.204164 1.553627
-0.097061 0.204924 1.547671
-0.100528 0.206040 1.539416
-0.103631 0.206638 1.534233
-0.106348 0.207596 1.527037
-0.108891 0.208186 1.520385
-0.111988 0.209690 1.514391
-0.115372 0.210762 1.506028
-0.116835 0.212749 1.498517
-0.118961 0.214486 1.492418
-0.119972 0.214959 1.484132
-0.122376 0.218062 1.475950
-0.121581 0.220451 1.465070
-0.121666 0.224703 1.458857
-0.120773 0.227472 1.450725
-0.119115 0.230935 1.442480
-0.117852 0.235158 1.432382
-0.115124 0.236784 1.424553
-0.111922 0.239411 1.414838
-0.109220 0.241302 1.404665
-0.104746 0.242705 1.395019
-0.101996 0.243030 1.387026
-0.098256 0.243898 1.376331
-0.093707 0.244552 1.366456
-0.089950 0.245355 1.355741
-0.085697 0.247771 1.349330
-0.081628 0.249873 1.336702
-0.078177 0.252891 1.326714
-0.075142 0.254843 1.317980
-0.069427 0.256780 1.307441
-0.065287 0.260536 1.297706
-0.061587 0.261734 1.289845
-0.057824 0.262309 1.279130
-0.054667 0.264497 1.269687
-0.052981 0.264567 1.265642
-0.049906 0.264869 1.258800
-0.047131 0.264394 1.249604
-0.046537 0.263181 1.244064
-0.044709 0.262584 1.237105
-0.043961 0.260931 1.229223
-0.044099 0.258144 1.221104
-0.043383 0.255472 1.217280
-0.043188 0.253160 1.208196
-0.044597 0.250556 1.202367
-0.044689 0.247953 1.192152
-0.044826 0.245700 1.185263
-0.045965 0.244917 1.176708
-0.047965 0.244155 1.170321
-0.048411 0.242289 1.161471
-0.050388 0.243859 1.152826
-0.051341 0.243936 1.144703
-0.052535 0.242094 1.137817
-0.053442 0.242345 1.127819
-0.054716 0.240535 1.119099
-0.056761 0.238780 1.112365
-0.057684 0.236220 1.101082
-0.058786 0.235331 1.092802
-0.059736 0.233729 1.085081
-0.060355 0.232095 1.074408
-0.061211 0.230053 1.065809
-0.061007 0.228180 1.056017
-0.062990 0.226939 1.048488
-0.064084 0.224435 1.040655
-0.063144 0.222433 1.033995
-0.064451 0.220238 1.024334
-0.064287 0.216751 1.014967
-0.064594 0.214509 1.007856
-0.063715 0.213224 1.000694
-0.062309 0.210290 0.992526
-0.062525 0.207654 0.984633
-0.059504 0.206811 0.975524
-0.057726 0.204632 0.968859
-0.055932 0.201916 0.963071
-0.052964 0.200876 0.955487
-0.050151 0.198450 0.950097
-0.046435 0.197303 0.942481
-0.041552 0.195283 0.935034
-0.038917 0.196050 0.929739
-0.033931 0.195033 0.922807
-0.028261 0.194413 0.915046
-0.023724 0.194791 0.908832
-0.019091 0.195905 0.901419
-0.012575 0.196312 0.896015
-0.006878 0.197148 0.888164
-0.002309 0.198202 0.880769
0.004160 0.197724 0.872583
0.010219 0.197780 0.864114
0.016626 0.197248 0.856000
0.023691 0.197443 0.850858
0.030929 0.196587 0.841756
0.036506 0.196834 0.836765
0.043547 0.196772 0.828610
0.049496 0.196581 0.824148
0.058743 0.195746 0.818034
0.066822 0.196569 0.816911
0.073683 0.195141 0.812351
0.081656 0.192235 0.806020
0.090482 0.190262 0.804567
0.096987 0.186423 0.802222
0.105739 0.182492 0.798706
0.113410 0.177157 0.796064
0.121306 0.172876 0.796870
0.129790 0.168519 0.797485
0.137147 0.165671 0.798555
0.146077 0.161933 0.795707
0.153777 0.158045 0.795434
0.161649 0.157063 0.796646
0.169856 0.155018 0.796760
0.178172 0.154503 0.798083
0.186247 0.154375 0.798231
0.194821 0.154148 0.797878
0.205344 0.155135 0.798895
0.214436 0.155315 0.800170
0.224975 0.156367 0.800154
0.235747 0.157743 0.801642
0.245130 0.159016 0.800636
0.257932 0.158928 0.801625
0.267746 0.160080 0.800013
0.279288 0.161387 0.801224
0.288620 0.162580 0.802015
0.298949 0.162170 0.800260
0.310004 0.162213 0.800953
0.321451 0.162776 0.803345
0.330422 0.163635 0.804237
0.340638 0.163454 0.803907
0.351761 0.163079 0.804231
0.360439 0.164609 0.805742
0.370599 0.166697 0.806445
0.379719 0.169550 0.810083
0.388507 0.170597 0.811962
0.397950 0.171968 0.813372
0.405563 0.173335 0.814219
0.413804 0.174251 0.817430
0.422632 0.174760 0.821862
0.429538 0.175697 0.825481
0.436910 0.176342 0.829571
0.442219 0.176096 0.833989
0.446244 0.177765 0.840408
0.451333 0.176888 0.844698
0.457243 0.176605 0.851200
0.460383 0.177935 0.859227
0.463981 0.177666 0.862928
0.468231 0.176819 0.869686
0.472322 0.178668 0.877982
0.476548 0.177812 0.884777
0.479872 0.178067 0.890198
0.481994 0.178267 0.897891
0.485288 0.178117 0.902621
0.487592 0.179853 0.910844
0.491166 0.180574 0.917113
0.492837 0.181400 0.925509
0.495495 0.183329 0.930533
0.497268 0.183329 0.934450
0.498055 0.185222 0.941539
0.500203 0.184906 0.946434
0.501181 0.187020 0.952842
0.502108 0.186228 0.958460
0.502165 0.186934 0.964282
0.503376 0.187131 0.970845
0.504396 0.187120 0.975404
0.503684 0.187471 0.982455
0.503700 0.187204 0.988400
0.503055 0.188637 0.995020
0.501699 0.188141 0.999710
0.501794 0.187295 1.006167
0.499973 0.189582 1.012016
0.497883 0.190282 1.018931
0.495273 0.190509 1.023456
0.492394 0.192493 1.030875
0.490741 0.191526 1.037301
0.486976 0.192128 1.042621
0.482025 0.190731 1.045083
0.478814 0.189919 1.050589
0.473682 0.189359 1.054757
0.468030 0.187633 1.060219
0.464147 0.187569 1.061008
0.458621 0.187709 1.063310
0.452965 0.189158 1.065839
0.449656 0.190312 1.066991
0.447737 0.192432 1.068087
0.446522 0.196224 1.067796
0.446158 0.199839 1.068973
0.448346 0.204927 1.072844
0.451923 0.210162 1.073861
0.456146 0.212973 1.075246
0.460800 0.217281 1.079966
0.464711 0.219309 1.081368
0.468032 0.220139 1.081152
0.471117 0.222638 1.083972
0.472365 0.223248 1.088165
0.472850 0.223416 1.088739
0.472941 0.223933 1.092284
0.472494 0.224087 1.093465
0.470879 0.226240 1.097169
0.470609 0.229754 1.099860
0.470562 0.233727 1.105414
0.470302 0.237599 1.107106
0.471411 0.241398 1.111071
0.472989 0.246975 1.116012
0.476644 0.250706 1.118966
0.479972 0.253510 1.120799
0.482369 0.257927 1.123527
0.485629 0.260384 1.128977
0.489477 0.265284 1.133440
0.492725 0.267127 1.136715
0.497163 0.271158 1.142036
0.501560 0.272954 1.147456
0.504322 0.274954 1.151821
0.507110 0.278205 1.160144
0.508597 0.278870 1.170077
0.506936 0.279548 1.177814
0.507509 0.281743 1.188848
0.504179 0.283412 1.201838
0.501960 0.286040 1.212909
0.500465 0.284261 1.222368
0.497791 0.283113 1.232989
0.495242 0.284537 1.242632
0.493565 0.283286 1.252978
0.490464 0.283411 1.263644
0.488540 0.282069 1.273588
0.484526 0.281483 1.284502
0.483210 0.282041 1.294527
0.482327 0.283156 1.302564
0.480589 0.282459 1.312349
0.478943 0.283801 1.323446
0.477945 0.284815 1.334294
0.476672 0.286424 1.342633
0.476452 0.288046 1.355121
0.475167 0.289614 1.363483
0.472514 0.291629 1.374008
0.471932 0.293315 1.383322
0.468787 0.295485 1.392424
0.466137 0.298673 1.401358
0.463461 0.301301 1.410324
0.460597 0.302592 1.418495
0.457210 0.305336 1.425077
0.454342 0.308112 1.435272
0.448756 0.309553 1.443179
0.444402 0.311559 1.450142
0.439548 0.312776 1.456834
0.434988 0.314146 1.460817
0.431104 0.314433 1.467858
0.426715 0.314898 1.472805
0.423290 0.316068 1.477384
0.418720 0.317423 1.482147
0.415069 0.318333 1.489469
0.410872 0.320934 1.496721
0.406738 0.322029 1.502733
0.403133 0.322242 1.506534
0.399977 0.324057 1.512182
0.395518 0.324449 1.517087
0.391902 0.326029 1.522841
0.388726 0.327821 1.528450
0.385123 0.327983 1.532272
0.380746 0.329740 1.535787
0.375148 0.333159 1.539909
0.368422 0.334861 1.544331
0.360008 0.338440 1.548178
0.351467 0.338895 1.550651
0.342318 0.340842 1.551708
0.333180 0.342588 1.551445
0.323494 0.346093 1.553202
0.312183 0.346831 1.551213
0.300561 0.348420 1.552812
0.292944 0.347059 1.551219
0.283234 0.347565 1.547418
0.271909 0.348465 1.547162
0.265150 0.350504 1.544255
0.258010 0.352969 1.540269
0.251199 0.354745 1.535358
0.243316 0.358358 1.534974
0.235984 0.361761 1.530037
0.228054 0.366633 1.529401
0.219997 0.371392 1.527363
0.213254 0.374812 1.526929
0.206012 0.377648 1.527103
0.197392 0.380739 1.526898
0.189081 0.383792 1.527691
0.180135 0.383508 1.525897
0.172295 0.384663 1.527864
0.162269 0.385135 1.530094
0.152818 0.386440 1.528416
0.144062 0.387108 1.529590
0.136656 0.388229 1.530053
0.129506 0.387995 1.529215
0.122697 0.388879 1.530659
0.113439 0.390862 1.529710
0.104904 0.392185 1.530735
0.096978 0.393276 1.532682
0.087700 0.395236 1.531737
0.079007 0.397493 1.531951
0.069472 0.399392 1.535200
0.059835 0.401325 1.534754
0.050529 0.403251 1.533822
0.040063 0.405680 1.535749
0.030196 0.406849 1.534773
0.020878 0.408748 1.533846
0.012285 0.410837 1.532457
0.003402 0.411138 1.531316
-0.003537 0.412174 1.530761
-0.008068 0.414322 1.528025
-0.012355 0.415272 1.524842
-0.017495 0.415374 1.521197
-0.024546 0.417355 1.519905
-0.027171 0.418082 1.518343
-0.033282 0.419476 1.514794
-0.038260 0.420335 1.511601
-0.046605 0.421767 1.510286
-0.052541 0.421946 1.509524
-0.060321 0.422580 1.508376
-0.069821 0.422930 1.505853
-0.077192 0.424213 1.504884
-0.085632 0.423711 1.502075
-0.093440 0.424328 1.500935
-0.103649 0.425532 1.499010
-0.111604 0.425338 1.497519
-0.118308 0.425695 1.496094
-0.123566 0.424778 1.490184
-0.130971 0.425541 1.486651
-0.137523 0.425596 1.482623
-0.142360 0.425915 1.477278
-0.147123 0.425298 1.472691
-0.150695 0.425278 1.469047
-0.154440 0.425942 1.463697
-0.157737 0.427464 1.458182
-0.159853 0.426113 1.455091
-0.162814 0.426992 1.448522
-0.167244 0.426996 1.443673
-0.170536 0.427230 1.438215
-0.174952 0.427220 1.433368
-0.177077 0.427857 1.427425
-0.181475 0.426568 1.422587
-0.183510 0.428172 1.419028
-0.186092 0.427595 1.414235
-0.188525 0.427576 1.409375
-0.190327 0.425852 1.403549
-0.192451 0.424700 1.398060
-0.193556 0.422913 1.390070
-0.193610 0.422734 1.383568
-0.193973 0.423935 1.373739
-0.194059 0.422697 1.364854
-0.195041 0.424843 1.358849
-0.194393 0.426578 1.348164
-0.195780 0.429167 1.340186
-0.194192 0.431663 1.332508
-0.192866 0.434326 1.325503
-0.191805 0.435720 1.314621
-0.189841 0.437426 1.305862
-0.185986 0.438652 1.297660
-0.181900 0.439663 1.289251
-0.177120 0.440816 1.278838
-0.171837 0.442835 1.269404
-0.165211 0.444265 1.257220
-0.159647 0.445102 1.247529
-0.153974 0.446193 1.236994
-0.149336 0.447190 1.226604
-0.143457 0.445412 1.216146
-0.138692 0.444428 1.205087
-0.133690 0.442115 1.194601
-0.129758 0.439908 1.186710
-0.126410 0.439583 1.174944
-0.122211 0.437180 1.166004
-0.117081 0.437017 1.155332
-0.114412 0.435246 1.146639
-0.109453 0.433403 1.135356
-0.105530 0.432300 1.127816
-0.102719 0.430817 1.118516
-0.099401 0.429051 1.108928
-0.096706 0.427172 1.100292
-0.093745 0.426222 1.091916
-0.090667 0.425697 1.081106
-0.086700 0.424407 1.073658
-0.082918 0.424975 1.063248
-0.079547 0.425396 1.054611
-0.076815 0.425639 1.045149
-0.073913 0.425181 1.034462
-0.071925 0.427726 1.025758
-0.067880 0.428435 1.016472
-0.063890 0.429214 1.006733
-0.060987 0.431510 0.998151
-0.056927 0.434594 0.989993
-0.053666 0.435855 0.980280
-0.048694 0.436682 0.970030
-0.045042 0.437376 0.959529
-0.041077 0.437883 0.949062
-0.036068 0.438042 0.939753
-0.032928 0.438463 0.930111
-0.028415 0.438615 0.918763
-0.023116 0.439492 0.912205
-0.019460 0.439453 0.902719
0.215055 0.401034 0.829138
0.223265 0.392810 0.830568
0.232847 0.385083 0.835909
0.241182 0.378067 0.838606
0.249563 0.372490 0.843760
0.257410 0.365613 0.846897
0.264388 0.359734 0.853406
0.268958 0.352636 0.858783
0.273946 0.345336 0.864739
0.279189 0.339638 0.871801
0.284289 0.334390 0.878248
0.289004 0.331030 0.883260
0.295394 0.329474 0.888267
0.299798 0.328969 0.891402
0.305474 0.329333 0.897193
0.310899 0.331545 0.902729
0.316173 0.334242 0.907591
0.323792 0.338091 0.912550
0.329193 0.342422 0.917113
0.335545 0.346794 0.922304
0.341665 0.353838 0.929486
0.348001 0.357871 0.933770
0.354230 0.363536 0.940503
0.359165 0.367721 0.947558
0.364820 0.371515 0.953295
0.370249 0.376269 0.961887
0.376659 0.380803 0.971508
0.381762 0.383932 0.979156
0.387307 0.387261 0.987379
0.393480 0.389255 0.997919
0.398016 0.391664 1.007586
0.402953 0.393061 1.014871
0.408711 0.393805 1.025842
0.413244 0.396122 1.035577
0.416858 0.398145 1.047740
0.421173 0.400096 1.058323
0.424341 0.401283 1.067936
0.428806 0.404004 1.079734
0.431314 0.405981 1.089562
0.433789 0.408590 1.101410
0.436225 0.410651 1.112208
0.438232 0.414349 1.123448
0.440451 0.418342 1.133830
0.442477 0.421533 1.143650
0.444817 0.424789 1.154621
0.445680 0.429438 1.162286
0.446140 0.432746 1.173610
0.447786 0.436377 1.183342
0.448192 0.442249 1.191662
0.449826 0.445834 1.201359
0.448552 0.450388 1.209881
0.449527 0.454217 1.218119
0.448857 0.458505 1.225777
0.448310 0.462031 1.234033
0.447764 0.465530 1.242281
0.447331 0.466364 1.251562
0.447464 0.469450 1.260083
0.446382 0.470533 1.267975
0.445603 0.471743 1.275355
0.444225 0.473710 1.284229
0.442821 0.474632 1.290945
0.442654 0.476260 1.298856
0.441815 0.478709 1.306218
0.439118 0.480117 1.312479
0.437910 0.483120 1.319999
0.436656 0.484886 1.327309
0.434580 0.487819 1.335477
0.433296 0.491272 1.344562
0.431476 0.494469 1.350709
0.428683 0.497574 1.359726
0.425880 0.500653 1.368723
0.422208 0.504851 1.377342
0.420059 0.508148 1.387053
0.417235 0.511143 1.395997
0.414401 0.514111 1.404919
0.409696 0.517976 1.415459
0.405362 0.520557 1.424249
0.400078 0.524785 1.434376
0.396634 0.527935 1.442009
0.390767 0.533498 1.451410
0.385692 0.538487 1.458013
0.380604 0.543355 1.468824
0.375520 0.548301 1.475359
0.370677 0.553980 1.482599
0.366190 0.559551 1.490067
0.360767 0.565505 1.496095
0.355900 0.571128 1.503202
0.352234 0.576374 1.509722
0.346792 0.582277 1.515653
0.341908 0.587846 1.522632
0.337511 0.593002 1.529787
0.332618 0.598537 1.536678
0.327029 0.602622 1.542449
0.323123 0.605777 1.548454
0.318369 0.608780 1.554365
0.313068 0.611903 1.562259
0.307287 0.615279 1.570042
0.301744 0.617627 1.577256
0.296401 0.620872 1.582056
0.290400 0.623803 1.590570
0.283766 0.627720 1.594910
0.278122 0.631610 1.600485
0.270697 0.635494 1.606342
0.263958 0.640776 1.612053
0.257518 0.645903 1.614717
0.250425 0.650768 1.617641
0.243703 0.655977 1.621509
0.236871 0.660156 1.623569
0.230565 0.664019 1.626115
0.223777 0.668133 1.626396
0.218040 0.671667 1.629831
0.210969 0.675121 1.631310
0.204913 0.676882 1.631788
0.199554 0.680116 1.631005
0.192460 0.683557 1.632469
0.187367 0.686136 1.630869
0.180693 0.688953 1.631037
0.176538 0.692528 1.630060
0.170967 0.693978 1.631087
0.165364 0.697838 1.631378
0.159570 0.701532 1.631256
0.154776 0.703566 1.629739
0.149163 0.709299 1.629727
0.143692 0.712434 1.629685
0.138254 0.715669 1.628923
0.132899 0.720763 1.628093
0.128330 0.724671 1.626030
0.121524 0.727807 1.623328
0.116144 0.732906 1.622495
0.130699 0.526323 1.111846
0.133686 0.512003 1.109616
0.137047 0.495814 1.107259
0.140766 0.481397 1.104584
0.142431 0.467839 1.103165
0.146119 0.451616 1.096835
0.149145 0.438662 1.091185
0.153454 0.425743 1.087507
0.157355 0.412578 1.082948
0.161764 0.400207 1.076623
0.166192 0.389029 1.072810
0.169366 0.378875 1.071466
0.172399 0.369846 1.070246
0.175565 0.359747 1.068821
0.179547 0.350368 1.070037
0.183247 0.342676 1.070576
0.186744 0.334879 1.072103
0.191030 0.326672 1.073776
0.194704 0.321710 1.077426
0.198776 0.314731 1.083549
0.201550 0.308121 1.090311
0.206563 0.301834 1.095958
0.212642 0.295453 1.101127
0.219737 0.291422 1.108367
0.225445 0.286263 1.111569
0.235422 0.283177 1.121082
0.245298 0.280872 1.126872
0.254512 0.280099 1.136215
0.263736 0.281152 1.142114
0.272752 0.280331 1.148880
0.285112 0.279796 1.149139
0.295636 0.281028 1.153588
0.309828 0.282600 1.153497
0.321406 0.286083 1.157081
0.338830 0.289463 1.160422
0.357421 0.292847 1.164329
0.375067 0.296060 1.170733
0.387894 0.295952 1.175163
0.397770 0.294479 1.178747
0.407042 0.291340 1.182441
0.416293 0.288600 1.185695
0.425797 0.283468 1.190099
0.430552 0.277868 1.192114
0.436402 0.271881 1.194167
0.441359 0.268089 1.193953
0.446135 0.261728 1.193350
0.448554 0.257126 1.190213
0.454480 0.247280 1.189260
0.457916 0.243411 1.186240
0.460114 0.239521 1.183553
0.463081 0.237797 1.180904
0.470409 0.234377 1.166063
0.473820 0.236154 1.159378
0.476741 0.237266 1.154608
0.480138 0.238206 1.148657
0.484719 0.238196 1.145243
0.487246 0.238043 1.137679
0.492852 0.239292 1.136591
0.495600 0.241006 1.131421
0.500377 0.242766 1.126400
0.503780 0.242663 1.124980
0.506749 0.242399 1.120378
0.509819 0.242357 1.118776
