0.186765 -0.297140 1.099806
0.185415 -0.297227 1.101350
0.185415 -0.297227 1.101350
0.185415 -0.297227 1.101350
0.185415 -0.297227 1.101350
0.184936 -0.297239 1.102087
0.184936 -0.297239 1.102087
0.184936 -0.297239 1.102087
0.184936 -0.297239 1.102087
0.184936 -0.297239 1.102087
0.183584 -0.297324 1.103630
0.183584 -0.297324 1.103630
0.183584 -0.297324 1.103630
0.183584 -0.297324 1.103630
0.183584 -0.297324 1.103630
0.183584 -0.297324 1.103630
0.183584 -0.297324 1.103630
0.183584 -0.297324 1.103630
0.183645 -0.296311 1.102737
0.183645 -0.296311 1.102737
0.183557 -0.294761 1.103011
0.183622 -0.294373 1.102503
0.183682 -0.293362 1.101610
0.183630 -0.292052 1.102058
0.183573 -0.290117 1.102116
0.183948 -0.289540 1.103146
0.185247 -0.288147 1.102046
0.185651 -0.287188 1.102877
0.185933 -0.285326 1.103316
0.188053 -0.283352 1.102793
0.188408 -0.281074 1.104086
0.189946 -0.280145 1.104154
0.192237 -0.278726 1.102207
0.192813 -0.277284 1.104862
0.194637 -0.274891 1.102124
0.198239 -0.273791 1.098782
0.201197 -0.273465 1.098031
0.206413 -0.272382 1.093815
0.210586 -0.270806 1.091858
0.216590 -0.270025 1.089219
0.221839 -0.270849 1.082902
0.226420 -0.270875 1.082463
0.231910 -0.270799 1.078748
0.238763 -0.271583 1.072536
0.243668 -0.272964 1.072038
0.250408 -0.272454 1.066304
0.256287 -0.273332 1.063358
0.262771 -0.273402 1.063561
0.270213 -0.273299 1.059305
0.276236 -0.273332 1.057888
0.282080 -0.273521 1.054402
0.289750 -0.272899 1.052193
0.295820 -0.271983 1.052465
0.303890 -0.270709 1.049273
0.311524 -0.270371 1.047280
0.318316 -0.268944 1.049018
0.324668 -0.266825 1.048765
0.332689 -0.264673 1.048283
0.339869 -0.263268 1.049563
0.345536 -0.261065 1.048914
0.352355 -0.259929 1.051082
0.358031 -0.258212 1.054091
0.364871 -0.257071 1.056224
0.371719 -0.255296 1.057420
0.377436 -0.254198 1.061322
0.383375 -0.252378 1.061345
0.389117 -0.251272 1.065237
0.395432 -0.250437 1.065883
0.400857 -0.250189 1.068926
0.406350 -0.249009 1.071958
0.410982 -0.247599 1.072372
0.416436 -0.247339 1.075370
0.421357 -0.245544 1.076306
0.426216 -0.244702 1.079036
0.430324 -0.243150 1.083883
0.433519 -0.241725 1.086509
0.438704 -0.240481 1.089691
0.440900 -0.239329 1.094666
0.445782 -0.237860 1.096742
0.448289 -0.236650 1.102504
0.452799 -0.235092 1.108340
0.456084 -0.234252 1.111722
0.459658 -0.232393 1.114850
0.463596 -0.231161 1.119345
0.466499 -0.229952 1.126250
0.470424 -0.228461 1.130438
0.473069 -0.225858 1.136960
0.477041 -0.225915 1.140914
0.478672 -0.223266 1.146340
0.482981 -0.221795 1.151739
0.485653 -0.220474 1.157712
0.489055 -0.218243 1.160426
0.491346 -0.216463 1.166366
0.494376 -0.213933 1.173802
0.497475 -0.211634 1.175347
0.498483 -0.209295 1.178008
0.499138 -0.206898 1.186105
0.500153 -0.204536 1.188816
0.501816 -0.202118 1.192868
0.502796 -0.199476 1.201599
0.502157 -0.197092 1.205336
0.503851 -0.193648 1.210381
0.503852 -0.192199 1.216436
0.503862 -0.189723 1.221588
0.503421 -0.186180 1.227950
0.503416 -0.184695 1.234109
0.503332 -0.182634 1.235830
0.501923 -0.181059 1.242872
0.501454 -0.179051 1.249160
0.500286 -0.177350 1.253532
0.497716 -0.175751 1.259629
0.496583 -0.173772 1.264741
0.494480 -0.172633 1.270318
0.493917 -0.172030 1.276135
0.491689 -0.170375 1.283469
0.489603 -0.168742 1.287712
0.488460 -0.167102 1.296484
0.487237 -0.164946 1.301350
0.484427 -0.163191 1.309254
0.482088 -0.162543 1.316404
0.481086 -0.159862 1.322498
0.478163 -0.157198 1.328347
0.475234 -0.155900 1.336671
0.472282 -0.154145 1.345357
0.467868 -0.151806 1.354332
0.465437 -0.151117 1.361706
0.462462 -0.147817 1.371114
0.459041 -0.147040 1.377267
0.455397 -0.144234 1.384683
0.452358 -0.141921 1.393395
0.447157 -0.140132 1.401432
0.443652 -0.139340 1.407690
0.439353 -0.136997 1.416035
0.435231 -0.135269 1.421906
0.430516 -0.133396 1.431133
0.427387 -0.130490 1.439269
0.423224 -0.129755 1.444436
0.420049 -0.127908 1.452881
0.417384 -0.126238 1.458764
0.413739 -0.124433 1.465813
0.410849 -0.121609 1.470963
0.408776 -0.119294 1.477810
0.405475 -0.117490 1.486889
0.403025 -0.114097 1.491443
0.399808 -0.111184 1.499594
0.397695 -0.108855 1.506512
0.393531 -0.105472 1.511929
0.390258 -0.103086 1.520723
0.386548 -0.100220 1.527369
0.381625 -0.097823 1.534001
0.379476 -0.095489 1.540934
0.373439 -0.092536 1.548619
0.368915 -0.090116 1.556964
0.364347 -0.087738 1.565693
0.359698 -0.085982 1.574598
0.355231 -0.084472 1.581752
0.350171 -0.082720 1.588497
0.345094 -0.081904 1.594870
0.340021 -0.080168 1.601586
0.334933 -0.079361 1.607950
0.328041 -0.076912 1.617126
0.322529 -0.076091 1.621376
0.317421 -0.075474 1.628034
0.311105 -0.074583 1.633631
0.305993 -0.073798 1.639932
0.300792 -0.073724 1.641375
0.295269 -0.072020 1.645877
0.289723 -0.071215 1.650121
0.283824 -0.069351 1.652726
0.279417 -0.068274 1.655520
0.273742 -0.067568 1.655499
0.268196 -0.065884 1.659990
0.263517 -0.065289 1.661671
0.259970 -0.064532 1.662650
0.255323 -0.065081 1.661232
0.250552 -0.064358 1.664048
0.246458 -0.064203 1.663341
0.240787 -0.064108 1.662800
0.236692 -0.063171 1.663346
0.231585 -0.061286 1.663459
0.226198 -0.061132 1.663494
0.221441 -0.061030 1.665769
0.216820 -0.060320 1.664854
0.211589 -0.060171 1.665259
0.206999 -0.060078 1.663829
0.201212 -0.060628 1.663564
0.195151 -0.060429 1.665628
0.189442 -0.060341 1.665162
0.182916 -0.060203 1.666341
0.178376 -0.060534 1.670006
0.173021 -0.061034 1.670735
0.167672 -0.063629 1.672225
0.163995 -0.063541 1.673691
0.157858 -0.062731 1.676430
0.152273 -0.061730 1.680523
0.148550 -0.061018 1.682561
0.143766 -0.060947 1.684815
0.139271 -0.059732 1.688023
0.135565 -0.058148 1.690197
0.130007 -0.056773 1.694447
0.125351 -0.054101 1.696489
0.121211 -0.051807 1.701795
0.115658 -0.050443 1.706016
0.111269 -0.047747 1.709122
0.105631 -0.047037 1.713575
0.099672 -0.044115 1.720923
0.094623 -0.042638 1.726941
0.090158 -0.041281 1.730563
0.083986 -0.039420 1.733391
0.077578 -0.037882 1.739502
0.073146 -0.035698 1.743142
0.067062 -0.033202 1.745767
0.061586 -0.031048 1.749852
0.056581 -0.027703 1.752020
0.052314 -0.026501 1.752205
0.046295 -0.022972 1.755123
0.040290 -0.020313 1.757195
0.034636 -0.017024 1.757274
0.027622 -0.014314 1.757121
0.019895 -0.011700 1.756257
0.012809 -0.009437 1.756713
0.006114 -0.006040 1.758015
-0.000116 -0.003307 1.756171
-0.006578 -0.001547 1.757676
-0.012571 0.000120 1.757412
-0.016749 0.002808 1.757474
-0.021034 0.004192 1.758297
-0.025579 0.004285 1.757177
-0.029219 0.006224 1.758797
-0.032709 0.007646 1.757824
-0.036192 0.009727 1.756302
-0.040430 0.011553 1.756643
-0.047634 0.014465 1.757924
-0.053908 0.017212 1.756190
-0.061688 0.019138 1.755345
-0.070607 0.022131 1.755657
-0.076910 0.023569 1.753561
-0.084800 0.026151 1.753484
-0.093662 0.028474 1.753269
-0.100796 0.029801 1.750984
-0.137365 0.017248 1.685253
-0.131031 0.015294 1.681091
-0.123255 0.011230 1.676262
-0.116263 0.005672 1.670819
-0.108696 0.000695 1.667078
-0.098665 -0.003347 1.661175
-0.088797 -0.007496 1.658519
-0.077206 -0.010436 1.649129
-0.065819 -0.014051 1.642517
-0.054712 -0.016362 1.631500
-0.048499 -0.017074 1.623206
-0.045215 -0.018734 1.614885
-0.044086 -0.019444 1.608314
-0.043088 -0.020073 1.598088
-0.044378 -0.020063 1.593833
-0.044344 -0.021185 1.587843
-0.044371 -0.021828 1.582548
-0.043663 -0.021852 1.575758
-0.045407 -0.021342 1.569763
-0.047521 -0.021978 1.562224
-0.050095 -0.021410 1.557996
-0.052454 -0.020945 1.553547
-0.053023 -0.020334 1.547392
-0.054457 -0.019511 1.540071
-0.055802 -0.018959 1.535410
-0.057972 -0.017852 1.528191
-0.059899 -0.015733 1.524838
-0.060667 -0.014701 1.516326
-0.063238 -0.011916 1.512509
-0.066026 -0.008679 1.506250
-0.068334 -0.007178 1.501471
-0.070914 -0.005438 1.497749
-0.073694 -0.003329 1.491710
-0.076655 -0.003348 1.486863
-0.080743 -0.001771 1.481377
-0.083514 -0.000726 1.475419
-0.087150 -0.000199 1.471757
-0.090090 -0.000230 1.466926
-0.094161 0.001354 1.461409
-0.096806 0.001390 1.458273
-0.099488 0.001266 1.451814
-0.101863 0.001192 1.447898
-0.103711 0.001019 1.439298
-0.105804 0.001014 1.437085
-0.105930 0.001362 1.429643
-0.107884 0.000665 1.422075
-0.107853 -0.000688 1.413989
-0.109794 -0.000185 1.410772
-0.109863 0.000136 1.403261
-0.111016 0.000589 1.398265
-0.110257 0.000842 1.388666
-0.109485 0.001719 1.383585
-0.109280 0.002104 1.377897
-0.106522 0.001679 1.367903
-0.105465 0.003607 1.360053
-0.104570 0.004461 1.353988
-0.103754 0.004644 1.344404
-0.103232 0.005428 1.337820
-0.102196 0.005698 1.330200
-0.101988 0.004245 1.321982
-0.101786 0.003927 1.313769
-0.101135 0.003075 1.305455
-0.100386 0.003203 1.297780
-0.100096 0.003525 1.292210
-0.101178 0.004289 1.284110
-0.101081 0.005626 1.276629
-0.100935 0.005804 1.269118
-0.101539 0.005963 1.262047
-0.100655 0.005581 1.252811
-0.100314 0.005675 1.244719
-0.100125 0.005821 1.237294
-0.099341 0.005442 1.229750
-0.096533 0.005378 1.220441
-0.095453 0.005545 1.213422
-0.094714 0.006321 1.206045
-0.094484 0.006433 1.198744
-0.093663 0.007089 1.193896
-0.090728 0.006502 1.184193
-0.090479 0.006590 1.176979
-0.089673 0.006190 1.169628
-0.089409 0.006268 1.162476
-0.088738 0.004219 1.156177
-0.088383 0.004054 1.151154
-0.087566 0.003657 1.143921
-0.087490 0.003248 1.138026
-0.086670 0.002852 1.130862
-0.086211 0.001912 1.125800
-0.085603 0.001045 1.119823
-0.084921 0.000707 1.113245
-0.082711 -0.001251 1.108437
-0.081933 -0.001046 1.103928
-0.079729 -0.002998 1.099145
-0.076984 -0.003881 1.093252
-0.075678 -0.004688 1.090918
-0.073599 -0.005828 1.086408
-0.071400 -0.005726 1.081221
-0.067517 -0.006053 1.078611
-0.064537 -0.007610 1.071582
-0.062205 -0.007998 1.067795
-0.059856 -0.008131 1.064274
-0.057532 -0.009841 1.058284
-0.053196 -0.010514 1.052805
-0.051149 -0.011692 1.048559
-0.048030 -0.012428 1.042305
-0.045912 -0.012337 1.037294
-0.043802 -0.012249 1.032305
-0.041059 -0.013931 1.023745
-0.039170 -0.014302 1.019880
-0.037176 -0.014387 1.013053
-0.036542 -0.014716 1.006834
-0.034462 -0.015938 0.999844
-0.034165 -0.016240 0.993512
-0.032283 -0.016499 0.984993
-0.031756 -0.016474 0.979304
-0.031246 -0.017614 0.970046
-0.029228 -0.017541 0.965447
-0.028559 -0.017179 0.963596
0.147251 -0.049703 0.810803
0.151355 -0.051787 0.808460
0.158104 -0.053264 0.808403
0.163096 -0.054750 0.810119
0.169854 -0.056231 0.810004
0.176523 -0.058133 0.810704
0.181845 -0.058086 0.813249
0.188829 -0.060092 0.815947
0.195565 -0.060856 0.818331
0.201836 -0.062198 0.822565
0.209269 -0.064335 0.826499
0.216952 -0.065075 0.830165
0.224253 -0.068404 0.834612
0.229099 -0.071129 0.839799
0.235008 -0.075696 0.846838
0.237125 -0.080323 0.855290
0.237183 -0.086130 0.864393
0.237966 -0.091974 0.873922
0.236612 -0.095823 0.888642
0.236140 -0.098582 0.901660
0.234771 -0.099809 0.911738
0.236926 -0.101263 0.918954
0.239096 -0.101471 0.925889
0.243650 -0.103285 0.928573
0.249286 -0.103053 0.927072
0.256240 -0.103309 0.926096
0.263491 -0.102592 0.923953
0.270590 -0.101335 0.923915
0.276288 -0.099989 0.923882
0.282705 -0.099565 0.921245
0.289967 -0.098475 0.922170
0.294830 -0.097793 0.923378
0.300204 -0.096406 0.923526
0.306849 -0.096326 0.920588
0.312985 -0.094868 0.922728
0.318662 -0.094519 0.922787
0.324328 -0.093432 0.923338
0.328892 -0.092960 0.924749
0.334536 -0.091879 0.925419
0.339588 -0.090514 0.929441
0.345002 -0.090656 0.929643
0.350382 -0.089615 0.933440
0.354715 -0.089084 0.935168
0.361205 -0.088176 0.937494
0.367748 -0.088285 0.939293
0.373773 -0.087372 0.943321
0.381629 -0.086657 0.946389
0.387124 -0.085605 0.950125
0.394303 -0.086105 0.953933
0.400149 -0.086076 0.957720
0.406444 -0.086133 0.959514
0.411784 -0.086032 0.963030
0.419008 -0.086035 0.965954
0.423690 -0.085037 0.968433
0.429309 -0.083980 0.972113
0.434659 -0.083588 0.975403
0.440020 -0.082243 0.978607
0.444730 -0.080432 0.980326
0.449792 -0.079023 0.983622
0.454870 -0.077478 0.986177
0.459289 -0.076388 0.990341
0.463710 -0.073552 0.992065
0.468522 -0.071680 0.997676
0.473979 -0.070216 1.001474
0.478183 -0.068594 1.006426
0.482701 -0.066424 1.011184
0.485951 -0.064701 1.014351
0.491484 -0.063308 1.017461
0.494496 -0.062599 1.022956
0.498097 -0.059939 1.028057
0.501553 -0.058242 1.035740
0.503954 -0.056581 1.040619
0.506334 -0.055825 1.045674
0.508182 -0.052353 1.054744
0.510035 -0.049913 1.063357
0.509990 -0.046852 1.073141
0.511862 -0.044360 1.081967
0.511815 -0.041245 1.091952
0.512979 -0.039230 1.099509
0.512485 -0.036577 1.108362
0.512770 -0.034433 1.119145
0.513195 -0.032871 1.126876
0.512758 -0.030321 1.135671
0.510608 -0.028540 1.147447
0.509310 -0.026359 1.155266
0.508014 -0.024685 1.164069
0.505740 -0.023451 1.174747
0.504102 -0.023864 1.183633
0.500891 -0.021953 1.193779
0.497841 -0.020839 1.203441
0.494254 -0.019000 1.213771
0.489953 -0.018821 1.221871
0.487411 -0.017329 1.228497
0.483704 -0.016590 1.238640
0.478960 -0.014469 1.246707
0.475171 -0.014183 1.256508
0.471337 -0.013453 1.266964
0.467065 -0.011697 1.276382
0.463138 -0.011970 1.287433
0.460272 -0.011436 1.295966
0.455322 -0.008792 1.303353
0.451291 -0.008094 1.314217
0.448337 -0.007564 1.322990
0.444287 -0.005278 1.334554
0.441356 -0.002626 1.342988
0.436819 -0.001483 1.351309
0.433790 0.001151 1.361492
0.430792 0.003802 1.370038
0.426637 0.006585 1.380687
0.423170 0.009706 1.388109
0.420116 0.012350 1.396693
0.416610 0.015478 1.404126
0.413522 0.018115 1.412717
0.411588 0.021681 1.419058
0.408664 0.024710 1.425664
0.406757 0.027815 1.432545
0.404865 0.032528 1.441293
0.403607 0.036590 1.447051
0.402187 0.039196 1.454880
0.400518 0.044282 1.458736
0.399135 0.047240 1.465256
0.396542 0.049921 1.474818
0.393579 0.051805 1.477395
0.391761 0.054746 1.481944
0.387597 0.057230 1.487257
0.382764 0.060882 1.493336
0.378587 0.063356 1.498604
0.373224 0.065466 1.503854
0.369582 0.068011 1.510163
0.366463 0.069780 1.513488
0.362789 0.071293 1.519886
0.357829 0.074406 1.526953
0.352857 0.077512 1.534013
0.348074 0.081184 1.539502
0.341438 0.084918 1.546894
0.335863 0.089241 1.554349
0.329258 0.092382 1.560789
0.321503 0.098275 1.567216
0.314601 0.101436 1.576605
0.306571 0.105348 1.585542
0.299807 0.109535 1.590719
0.292491 0.113352 1.598365
0.285077 0.116494 1.605681
0.277146 0.119572 1.612013
0.268414 0.121706 1.620056
0.262865 0.124742 1.624887
0.254866 0.125537 1.630475
0.247915 0.125939 1.635133
0.240672 0.126666 1.639333
0.235051 0.126329 1.643524
0.228931 0.127046 1.646806
0.222532 0.126728 1.652408
0.217458 0.125288 1.656282
0.211900 0.125424 1.659606
0.206379 0.125123 1.660450
0.200636 0.125175 1.664469
0.195849 0.125267 1.666359
0.191236 0.125491 1.670642
0.186449 0.125575 1.672520
0.181004 0.125557 1.674212
0.176544 0.125662 1.676893
0.172242 0.126464 1.677273
0.167462 0.127816 1.680094
0.160838 0.129548 1.681328
0.153943 0.131017 1.685576
0.146459 0.132367 1.684018
0.138021 0.134179 1.684429
0.128714 0.135616 1.682051
0.121599 0.138124 1.681961
0.112316 0.140538 1.679112
0.103116 0.143624 1.676402
0.092403 0.145159 1.674310
0.085579 0.146369 1.670890
0.076641 0.147822 1.669634
0.067402 0.149629 1.666070
0.059815 0.150563 1.662740
0.050560 0.152372 1.659224
0.044096 0.152601 1.657412
0.035481 0.155044 1.653104
0.028496 0.155875 1.649157
0.020926 0.158862 1.647685
0.013864 0.161337 1.644079
0.006663 0.164355 1.639490
-0.000418 0.166836 1.635942
-0.007427 0.169964 1.632581
-0.015328 0.173492 1.628831
-0.022014 0.176600 1.622751
-0.028990 0.180788 1.618807
-0.034645 0.183717 1.613924
-0.041211 0.186193 1.606990
-0.046899 0.189243 1.603206
-0.052972 0.192142 1.597254
-0.058523 0.194563 1.592521
-0.064150 0.196356 1.587622
-0.070947 0.198810 1.581583
-0.075732 0.200530 1.576892
-0.080675 0.201209 1.570993
-0.084345 0.202955 1.564193
-0.088845 0.202424 1.560034
-0.092475 0.203491 1.554980
-0.096193 0.204107 1.549001
-0.099528 0.205147 1.540425
-0.102617 0.205684 1.535347
-0.105463 0.206706 1.528447
-0.107788 0.207184 1.521545
-0.110788 0.208820 1.515662
-0.114100 0.209810 1.507018
-0.115704 0.211898 1.500016
-0.117570 0.213530 1.493617
-0.118938 0.213765 1.485416
-0.121037 0.217028 1.477185
-0.120348 0.219375 1.466263
-0.120268 0.223741 1.460051
-0.119317 0.226218 1.451821
-0.117717 0.229802 1.443509
-0.116545 0.233875 1.433461
-0.113743 0.235616 1.425509
-0.110641 0.238442 1.415975
-0.108185 0.240011 1.405729
-0.103321 0.241467 1.395856
-0.100451 0.241993 1.387840
-0.096694 0.242815 1.377048
-0.092411 0.243592 1.366901
-0.088663 0.244337 1.356127
-0.084154 0.246481 1.349718
-0.080182 0.248773 1.337101
-0.076594 0.251758 1.327213
-0.073585 0.253586 1.318087
-0.067963 0.255767 1.307407
-0.063938 0.259260 1.298107
-0.059748 0.260437 1.289749
-0.056069 0.260865 1.279247
-0.053036 0.263192 1.270066
-0.051114 0.263019 1.265443
-0.048003 0.263423 1.259205
-0.045348 0.262527 1.249333
-0.044752 0.262073 1.244077
-0.043388 0.261147 1.237487
-0.041973 0.259465 1.229075
-0.041930 0.256924 1.221275
-0.041390 0.254109 1.217309
-0.041141 0.251948 1.208395
-0.042693 0.248983 1.202825
-0.042678 0.246528 1.192282
-0.042597 0.243767 1.184993
-0.043881 0.243528 1.177262
-0.046050 0.242530 1.170160
-0.046144 0.240615 1.160692
-0.047821 0.241764 1.153014
-0.049093 0.241992 1.145955
-0.049722 0.240269 1.137826
-0.050981 0.240484 1.128010
-0.052396 0.238677 1.119325
-0.054365 0.237104 1.111857
-0.054496 0.234529 1.101372
-0.055884 0.233175 1.093278
-0.057032 0.231712 1.086510
-0.057100 0.230509 1.075318
-0.058161 0.227809 1.066177
-0.057859 0.225688 1.056780
-0.059666 0.225273 1.049238
-0.060879 0.222262 1.041309
-0.060174 0.220618 1.034468
-0.061511 0.218407 1.024587
-0.061062 0.214699 1.015364
-0.060909 0.212778 1.009512
-0.060356 0.211172 1.001512
-0.059461 0.209076 0.994179
-0.059153 0.205902 0.985931
-0.056355 0.204541 0.977220
-0.054237 0.202725 0.970130
-0.052086 0.199749 0.963260
-0.049461 0.198522 0.957472
-0.047071 0.196730 0.950692
-0.043092 0.195283 0.944333
-0.038587 0.193748 0.936884
-0.035099 0.194356 0.930924
-0.030713 0.193180 0.923933
-0.025052 0.192911 0.916193
-0.020961 0.193295 0.909831
-0.015495 0.194084 0.903348
-0.009660 0.194446 0.895638
-0.004334 0.195615 0.888446
0.000976 0.196349 0.882168
0.007807 0.195993 0.873279
0.013278 0.195869 0.866076
0.019937 0.195494 0.857415
0.026649 0.195490 0.849529
0.033454 0.195140 0.842985
0.038716 0.194699 0.837410
0.046433 0.195559 0.829888
0.052695 0.194598 0.824536
0.061100 0.194850 0.820738
0.068920 0.194351 0.816646
0.076407 0.192963 0.812497
0.083109 0.191464 0.808693
0.092259 0.189149 0.805474
0.099757 0.185269 0.804122
0.107836 0.181527 0.801827
0.115278 0.176966 0.798872
0.123279 0.172450 0.799037
0.132471 0.167638 0.798339
0.138882 0.164377 0.798087
0.147129 0.161076 0.797094
0.155019 0.157631 0.797120
0.162871 0.156078 0.796945
0.170751 0.154223 0.796409
0.179023 0.153277 0.796755
0.187214 0.153399 0.797128
0.196542 0.153207 0.796588
0.206500 0.153546 0.797323
0.215235 0.155105 0.799252
0.224854 0.155307 0.797837
0.235873 0.156747 0.797360
0.245715 0.158108 0.798076
0.257492 0.158410 0.798195
0.268393 0.159399 0.797868
0.278511 0.160990 0.797939
0.288234 0.161517 0.797703
0.299152 0.161061 0.796802
0.309682 0.162402 0.798459
0.319799 0.162573 0.798967
0.329433 0.162746 0.799201
0.339795 0.162887 0.800247
0.349830 0.162974 0.799685
0.358934 0.164867 0.802057
0.368727 0.165439 0.801607
0.378013 0.168733 0.804656
0.387205 0.169493 0.806748
0.395048 0.171297 0.808748
0.403540 0.172764 0.809777
0.411863 0.173595 0.813448
0.419835 0.174136 0.816310
0.426652 0.174983 0.819869
0.433557 0.175563 0.824053
0.439319 0.176269 0.829048
0.444149 0.176547 0.835869
0.449373 0.175790 0.839563
0.453793 0.176939 0.847514
0.458071 0.176997 0.853711
0.462223 0.177365 0.859011
0.465867 0.177096 0.865794
0.469581 0.178624 0.873474
0.473284 0.178339 0.880377
0.476103 0.177988 0.885999
0.478914 0.177759 0.892195
0.482345 0.178482 0.898901
0.485215 0.179755 0.905727
0.487895 0.180435 0.913247
0.489869 0.181760 0.921162
0.492034 0.182889 0.925673
0.494506 0.183633 0.930603
0.495571 0.184949 0.937309
0.496838 0.185423 0.943241
0.497867 0.187064 0.949273
0.498869 0.186442 0.955137
0.499158 0.187042 0.960452
0.500243 0.186829 0.966837
0.501164 0.187662 0.972173
0.501874 0.187475 0.978714
0.501235 0.188090 0.985200
0.500398 0.188275 0.991854
0.499587 0.188223 0.995767
0.498957 0.187660 1.002279
0.497662 0.189409 1.008417
0.495944 0.190196 1.014509
0.492861 0.191187 1.020014
0.489897 0.192731 1.027493
0.488124 0.191917 1.033122
0.484693 0.191699 1.039351
0.480631 0.190933 1.041423
0.476777 0.190087 1.046690
0.472161 0.189194 1.051288
0.466123 0.188044 1.056537
0.462055 0.187874 1.057329
0.456608 0.188186 1.059840
0.451143 0.189302 1.062012
0.447106 0.189956 1.062346
0.445676 0.192417 1.063809
0.444285 0.196312 1.064827
0.444253 0.200511 1.065154
0.446111 0.204441 1.069062
0.449247 0.210323 1.070708
0.454106 0.212936 1.072471
0.458374 0.217760 1.077218
0.462612 0.218916 1.077657
0.465690 0.220647 1.078425
0.468900 0.223035 1.081393
0.470077 0.223645 1.085110
0.470768 0.223937 1.086385
0.471190 0.224219 1.088917
0.470190 0.224623 1.090498
0.468908 0.226144 1.093509
0.468613 0.230193 1.097604
0.468429 0.234206 1.102424
0.468512 0.237259 1.103417
0.469277 0.242106 1.108671
0.471181 0.247618 1.113684
0.474545 0.250964 1.116333
0.477814 0.253757 1.118325
0.480731 0.258388 1.121032
0.483422 0.261406 1.126524
0.487552 0.265597 1.131144
0.490921 0.266907 1.134242
0.495419 0.271560 1.139937
0.499921 0.273303 1.145198
0.502321 0.275025 1.149881
0.505497 0.278681 1.158429
0.506970 0.279199 1.168065
0.505687 0.280326 1.176389
0.505506 0.282716 1.187175
0.502897 0.283943 1.200218
0.500642 0.286545 1.211919
0.499019 0.285405 1.220963
0.497203 0.283844 1.231429
0.494138 0.285565 1.241412
0.492736 0.283827 1.251850
0.490197 0.283759 1.262022
0.487396 0.283161 1.272087
0.483598 0.282683 1.283265
0.482152 0.282992 1.293392
0.481728 0.284121 1.301553
0.479915 0.283668 1.311199
0.478397 0.284482 1.322381
0.477279 0.285909 1.333546
0.475714 0.287614 1.342271
0.475790 0.288874 1.354158
0.474190 0.290526 1.362890
0.471798 0.292820 1.373409
0.471346 0.294443 1.382538
0.468446 0.296602 1.391719
0.466127 0.299960 1.401244
0.463274 0.302514 1.409873
0.460336 0.304012 1.418111
0.456927 0.306478 1.424778
0.454033 0.309220 1.434814
0.448205 0.310775 1.442684
0.444068 0.312632 1.449585
0.439320 0.314008 1.456096
0.435069 0.315643 1.460500
0.430941 0.315779 1.467156
0.426677 0.316297 1.472283
0.423059 0.317369 1.477157
0.418415 0.318542 1.481597
0.414714 0.319737 1.488974
0.410458 0.322177 1.496278
0.406258 0.323329 1.502166
0.403071 0.323677 1.506060
0.399504 0.325372 1.511666
0.395164 0.325789 1.516761
0.392007 0.327407 1.522436
0.388415 0.329066 1.527996
0.385192 0.329377 1.531940
0.380527 0.330977 1.535215
0.375101 0.334357 1.539408
0.368018 0.336053 1.543769
0.359669 0.339558 1.547581
0.351311 0.340012 1.549983
0.342333 0.342159 1.551292
0.332906 0.343757 1.551027
0.323435 0.347241 1.552652
0.312177 0.348131 1.550972
0.300258 0.349408 1.552270
0.292525 0.347944 1.550535
0.283111 0.348681 1.546995
0.271731 0.349164 1.546733
0.264757 0.351173 1.543691
0.257839 0.353624 1.539830
0.251018 0.355464 1.534928
0.242842 0.358826 1.534479
0.235929 0.362398 1.529673
0.227713 0.366880 1.529249
0.220096 0.371867 1.527277
0.213084 0.375108 1.527027
0.205975 0.377930 1.526947
0.197525 0.381136 1.527237
0.189175 0.384023 1.527852
0.180196 0.383701 1.526158
0.172239 0.384721 1.528302
0.162439 0.385300 1.530542
0.153343 0.386748 1.528938
0.144253 0.387274 1.530038
0.136943 0.388270 1.530546
0.129667 0.387879 1.529798
0.122893 0.388831 1.531462
0.113858 0.390962 1.530568
0.105272 0.392009 1.531662
0.097234 0.393008 1.533823
0.088176 0.395141 1.532934
0.079594 0.397351 1.532974
0.070120 0.399111 1.536465
0.060504 0.400796 1.536287
0.051411 0.402934 1.535444
0.040840 0.405280 1.537124
0.031102 0.406292 1.536431
0.021987 0.408434 1.535602
0.013359 0.410493 1.534165
0.004356 0.410811 1.533340
-0.002415 0.411712 1.533034
-0.007113 0.413609 1.530024
-0.011117 0.414876 1.526846
-0.016393 0.414840 1.523450
-0.023125 0.416933 1.522105
-0.026013 0.417536 1.520876
-0.031879 0.418893 1.517088
-0.037081 0.419505 1.514260
-0.045165 0.421000 1.512566
-0.051177 0.421202 1.512054
-0.059072 0.421497 1.510895
-0.068272 0.421745 1.508634
-0.075532 0.423278 1.507668
-0.083930 0.422830 1.505034
-0.091843 0.423117 1.503906
-0.101689 0.424666 1.502019
-0.109670 0.424306 1.500394
-0.116317 0.424532 1.499298
-0.121773 0.423718 1.493842
-0.128993 0.424476 1.489714
-0.135349 0.424496 1.486258
-0.140301 0.424978 1.480667
-0.145313 0.424236 1.476194
-0.148646 0.424142 1.472984
-0.152488 0.424606 1.467014
-0.155597 0.426193 1.461765
-0.157719 0.424861 1.458458
-0.160585 0.425755 1.452057
-0.165086 0.425526 1.447350
-0.168075 0.425925 1.441915
-0.172561 0.425678 1.437215
-0.174764 0.426500 1.431303
-0.179144 0.425091 1.426369
-0.181206 0.426715 1.422714
-0.183739 0.425828 1.418042
-0.186061 0.426156 1.413071
-0.187784 0.424482 1.407249
-0.190028 0.423406 1.401868
-0.191315 0.421465 1.393884
-0.191077 0.421505 1.387242
-0.191631 0.422299 1.377556
-0.191437 0.421429 1.368585
-0.192576 0.423213 1.362658
-0.191651 0.425032 1.352058
-0.193004 0.427778 1.343973
-0.191416 0.430401 1.336104
-0.190257 0.433115 1.329001
-0.189178 0.433954 1.318583
-0.187311 0.435766 1.309613
-0.183521 0.437449 1.300969
-0.179400 0.437902 1.292974
-0.174345 0.439533 1.282154
-0.169419 0.441461 1.272532
-0.162762 0.442698 1.260408
-0.156976 0.443767 1.250521
-0.151851 0.444820 1.239880
-0.146601 0.445775 1.229797
-0.140634 0.444175 1.219072
-0.136410 0.442935 1.207880
-0.131018 0.440051 1.197786
-0.127332 0.438437 1.189394
-0.123763 0.438320 1.177635
-0.118995 0.435619 1.168678
-0.114547 0.435677 1.158145
-0.111714 0.433395 1.149225
-0.106328 0.431438 1.138397
-0.102783 0.430654 1.130325
-0.099945 0.429047 1.121213
-0.096603 0.427502 1.111889
-0.093786 0.425049 1.103010
-0.090708 0.424152 1.094844
-0.087661 0.423832 1.084244
-0.084224 0.422905 1.076403
-0.079820 0.423206 1.065636
-0.076660 0.422999 1.057401
-0.073927 0.423210 1.048117
-0.070926 0.423016 1.037309
-0.068501 0.425667 1.027600
-0.063993 0.426195 1.018602
-0.060770 0.427576 1.008343
-0.057943 0.430081 1.000394
-0.053601 0.431880 0.992350
-0.050624 0.433643 0.983644
-0.045949 0.434715 0.972448
-0.041861 0.435548 0.962085
-0.037594 0.435347 0.951448
-0.033064 0.435115 0.941087
-0.029229 0.435879 0.931313
-0.024744 0.436596 0.921128
-0.019200 0.437020 0.913643
-0.015373 0.436466 0.904391
0.215898 0.398197 0.828507
0.225529 0.390991 0.830419
0.234046 0.383442 0.836155
0.242796 0.376039 0.838680
0.250592 0.370733 0.842738
0.258272 0.363686 0.846007
0.265257 0.357776 0.853470
0.269926 0.350972 0.858230
0.274624 0.343955 0.863715
0.279906 0.338006 0.870277
0.285134 0.333119 0.876737
0.289860 0.329609 0.880752
0.295381 0.328043 0.886257
0.300334 0.327783 0.890619
0.305648 0.328081 0.895920
0.310943 0.330163 0.900878
0.316181 0.333393 0.905724
0.323456 0.337009 0.911162
0.328828 0.341102 0.914960
0.335805 0.346007 0.920444
0.341858 0.352589 0.927340
0.347605 0.356423 0.931790
0.353723 0.362380 0.938922
0.358767 0.367138 0.946744
0.364377 0.370968 0.952187
0.369689 0.375137 0.960844
0.376336 0.379949 0.969642
0.381089 0.382959 0.977312
0.386516 0.386422 0.986248
0.393397 0.388153 0.995771
0.397302 0.390285 1.005820
0.402203 0.391523 1.013171
0.408132 0.392905 1.024173
0.412153 0.394982 1.034409
0.416123 0.397289 1.045587
0.420205 0.399098 1.056874
0.423826 0.400595 1.066715
0.427714 0.402967 1.077580
0.430216 0.406023 1.088431
0.433368 0.408074 1.099825
0.435435 0.410205 1.110806
0.437448 0.414077 1.122304
0.439475 0.418193 1.132900
0.441919 0.421271 1.142128
0.444045 0.424210 1.153256
0.444923 0.428948 1.161560
0.445844 0.432552 1.172408
0.447221 0.436288 1.182106
0.447791 0.442143 1.190595
0.449167 0.445858 1.200332
0.447788 0.450783 1.209081
0.448723 0.454299 1.217920
0.448432 0.458826 1.225434
0.448210 0.462209 1.233565
0.447975 0.465585 1.241723
0.446972 0.466907 1.250793
0.447184 0.469774 1.259695
0.445708 0.470887 1.267857
0.445245 0.472450 1.275155
0.443730 0.474159 1.284305
0.442593 0.475462 1.290716
0.442344 0.476923 1.298763
0.441854 0.479401 1.306070
0.439076 0.480811 1.312667
0.438069 0.483821 1.320090
0.436405 0.485855 1.327550
0.434824 0.488990 1.335369
0.433255 0.492380 1.344770
0.431731 0.495227 1.351197
0.428935 0.498559 1.360150
0.426116 0.501863 1.369110
0.422763 0.505704 1.378016
0.420515 0.509094 1.387751
0.417627 0.512306 1.396694
0.414720 0.515484 1.405630
0.410024 0.518974 1.416458
0.405854 0.522107 1.425108
0.400539 0.526087 1.435379
0.397051 0.529076 1.443176
0.391185 0.534787 1.452618
0.386393 0.540013 1.459185
0.381103 0.544608 1.470247
0.376266 0.549799 1.476770
0.371564 0.555740 1.484221
0.366743 0.560970 1.491563
0.361497 0.566885 1.497888
0.356746 0.572788 1.505227
0.353068 0.577860 1.511619
0.347772 0.583756 1.517858
0.342982 0.589623 1.525088
0.338589 0.594782 1.531969
0.333775 0.600617 1.539120
0.328275 0.604520 1.545485
0.324383 0.607628 1.550652
0.319497 0.610828 1.557008
0.314413 0.614124 1.565215
0.308257 0.616948 1.572577
0.302981 0.619431 1.579846
0.297513 0.622617 1.585125
0.291678 0.625898 1.593916
0.284830 0.629588 1.597646
0.279209 0.633344 1.603815
0.272229 0.637849 1.609842
0.265398 0.642872 1.615228
0.258668 0.647951 1.618117
0.251884 0.652998 1.621547
0.244928 0.657806 1.625178
0.238259 0.662249 1.627645
0.231938 0.665978 1.629828
0.225159 0.670222 1.630672
0.219405 0.673841 1.633760
0.212526 0.677549 1.635442
0.206508 0.679300 1.636626
0.200912 0.682162 1.635490
0.194010 0.685877 1.637180
0.188552 0.688130 1.635105
0.182170 0.691048 1.635238
0.177922 0.694619 1.634590
0.172210 0.695655 1.635529
0.166679 0.699754 1.636456
0.160941 0.703399 1.634911
0.156160 0.705643 1.635036
0.150513 0.711208 1.634404
0.145466 0.714847 1.635073
0.139797 0.717744 1.633990
0.134289 0.722706 1.632408
0.130018 0.726835 1.631500
0.123189 0.729813 1.629156
0.117659 0.734790 1.627593
0.132384 0.524716 1.113315
0.134626 0.510205 1.111036
0.138297 0.494722 1.108022
0.141862 0.480000 1.104925
0.143727 0.466240 1.103922
0.147039 0.450069 1.096561
0.150296 0.436785 1.091075
0.154341 0.424118 1.087443
0.157923 0.411080 1.082408
0.163018 0.398339 1.076266
0.166976 0.387639 1.072782
0.170418 0.377843 1.070848
0.172875 0.368817 1.070142
0.176303 0.359083 1.068170
0.180248 0.349220 1.068755
0.183171 0.341251 1.070162
0.186983 0.333154 1.071156
0.191522 0.326179 1.073168
0.195694 0.320783 1.076782
0.198956 0.313791 1.082643
0.201817 0.307274 1.088327
0.206815 0.301439 1.094295
0.212793 0.294896 1.100667
0.219619 0.290479 1.105614
0.225550 0.286201 1.111277
0.235420 0.282608 1.119043
0.245357 0.279858 1.125030
0.253999 0.279414 1.133981
0.262964 0.280982 1.141043
0.272407 0.280176 1.146378
0.284321 0.279814 1.147254
0.294602 0.280247 1.150991
0.308723 0.282364 1.151151
0.320780 0.285656 1.154876
0.338138 0.289130 1.158305
0.356259 0.293382 1.162892
0.373770 0.295924 1.168305
0.386699 0.296127 1.173086
0.396994 0.294617 1.176930
0.405590 0.291438 1.180358
0.415788 0.288932 1.184407
0.424432 0.283653 1.188275
0.429539 0.278329 1.190579
0.434805 0.272254 1.191968
0.439620 0.268115 1.191776
0.444064 0.262345 1.190899
0.447226 0.257350 1.187911
0.453361 0.247689 1.186575
0.455928 0.244148 1.184574
0.458483 0.239519 1.180945
0.460973 0.238689 1.178834
0.468510 0.234659 1.163689
0.471648 0.236690 1.157180
0.474776 0.237977 1.152781
0.478913 0.238875 1.146785
0.482567 0.238568 1.143314
0.485856 0.238612 1.135504
0.490581 0.239579 1.134048
0.493575 0.241986 1.129738
0.498111 0.243289 1.124465
0.501581 0.243156 1.122313
0.504559 0.243523 1.118443
0.508336 0.243158 1.117530
