0.182992 -0.038760 -0.852854
0.164693 -0.032783 -0.861205
0.110283 -0.005999 -0.882435
0.090292 -0.069087 -0.912981
0.114359 -0.052837 -0.879845
0.134085 -0.010755 -0.821744
0.145238 0.028623 -0.782601
0.146948 0.034568 -0.776899
0.156362 0.043464 -0.760280
0.160987 0.042780 -0.754850
0.153835 0.035614 -0.765405
0.110708 0.044178 -0.804553
0.047365 0.056949 -0.847104
0.038065 -0.032496 -0.831582
0.026628 0.054854 -0.738784
0.008235 0.092411 -0.722100
-0.167037 -0.081841 -0.796600
-0.182106 -0.015787 -0.741357
-0.146297 -0.010747 -0.714263
-0.077199 -0.009135 -0.684500
-0.067916 -0.010240 -0.682384
-0.046941 -0.010916 -0.677313
-0.005376 -0.011380 -0.668691
0.045045 -0.025058 -0.694351
0.065464 -0.058207 -0.742230
0.102565 -0.081221 -0.770854
0.124191 -0.111905 -0.775148
0.154017 0.003643 -0.666400
0.132503 0.012796 -0.708211
0.104299 0.014694 -0.744047
0.088266 0.030455 -0.748859
0.092462 0.081063 -0.699243
0.107373 0.092552 -0.648601
0.110022 -0.060366 -0.710598
0.073731 -0.055449 -0.699154
0.042321 -0.082847 -0.662844
0.048740 -0.086787 -0.599169
0.066814 -0.064896 -0.553803
0.081774 -0.041858 -0.518434
0.094980 -0.050148 -0.499390
0.080000 -0.098313 -0.534609
0.073922 -0.107871 -0.542152
0.051106 -0.131150 -0.566972
0.016467 -0.156409 -0.595963
-0.001906 -0.174223 -0.614067
-0.015933 -0.193856 -0.631837
-0.023598 -0.205404 -0.638065
-0.024714 -0.196269 -0.593851
-0.026553 -0.189620 -0.588712
-0.028305 -0.160639 -0.551437
-0.027345 -0.151986 -0.538345
-0.031978 -0.117583 -0.518528
-0.031025 -0.095770 -0.506814
-0.029650 -0.081627 -0.499861
-0.037273 -0.060433 -0.522348
-0.040462 -0.061888 -0.532242
-0.066042 -0.118498 -0.607449
-0.074697 -0.180340 -0.637831
-0.158477 -0.153079 -0.711943
-0.139926 -0.111979 -0.609490
-0.096365 -0.146014 -0.532659
-0.094907 -0.152983 -0.530339
-0.040166 -0.145513 -0.452531
-0.046749 -0.114704 -0.447829
-0.052125 -0.076054 -0.447329
-0.039340 -0.061134 -0.437594
-0.014669 -0.079782 -0.427338
-0.006796 -0.110102 -0.441398
-0.022317 -0.152440 -0.468580
0.110278 -0.126219 -0.543844
0.128523 -0.155003 -0.623414
0.097270 -0.093548 -0.671252
0.027084 -0.104105 -0.632813
0.014512 -0.113993 -0.612591
-0.011299 -0.145988 -0.589453
-0.026311 -0.165830 -0.587637
-0.052320 -0.192364 -0.594198
-0.032139 -0.146508 -0.710443
0.053080 -0.119726 -0.720838
0.073668 -0.117828 -0.734328
0.069357 -0.110004 -0.769776
0.016046 -0.090782 -0.819702
0.008007 -0.086467 -0.823292
-0.094128 -0.054386 -0.747734
-0.142890 -0.049614 -0.681158
0.240194 -0.050857 -0.821474
0.223694 -0.045744 -0.834705
0.172892 -0.018194 -0.863424
0.133732 -0.019052 -0.920921
0.138943 0.005799 -0.898017
0.149384 0.050706 -0.843396
0.162015 0.093012 -0.790938
0.165858 0.098975 -0.780503
0.199621 0.086962 -0.733155
0.210342 0.073237 -0.721708
0.212832 0.026747 -0.737287
0.174668 0.032674 -0.789172
0.113682 0.050609 -0.842819
0.060852 0.028236 -0.846625
0.036063 0.121637 -0.735014
0.023209 0.155560 -0.703490
-0.102650 -0.068095 -0.809963
-0.121973 -0.024933 -0.770201
-0.088335 0.023281 -0.718979
-0.062988 0.056594 -0.682788
-0.053860 0.055930 -0.680953
-0.031579 0.054501 -0.675204
0.016411 0.052378 -0.661892
0.081772 0.029581 -0.680756
0.112450 -0.010925 -0.732928
0.154085 -0.039339 -0.759018
0.179828 -0.077191 -0.762371
0.181008 0.061822 -0.647140
0.165151 0.068255 -0.688627
0.146733 0.064147 -0.726027
0.133705 0.076412 -0.730254
0.131790 0.122341 -0.663156
0.145662 0.122992 -0.602633
0.163619 -0.025007 -0.690405
0.124326 -0.016001 -0.677997
0.088208 -0.037185 -0.644214
0.086003 -0.033819 -0.579479
0.097295 -0.009123 -0.530965
0.107536 0.014176 -0.488870
0.126150 -0.004442 -0.460149
0.123900 -0.063063 -0.497519
0.120004 -0.073840 -0.507475
0.102354 -0.098916 -0.537526
0.071948 -0.125181 -0.575473
0.055659 -0.144143 -0.598288
0.043800 -0.167105 -0.620351
0.037558 -0.180469 -0.629557
0.029850 -0.160021 -0.581833
0.026252 -0.150697 -0.576249
0.014580 -0.112320 -0.534192
0.011658 -0.100253 -0.520515
-0.002313 -0.061132 -0.496475
-0.006013 -0.038790 -0.480547
-0.006024 -0.025059 -0.469823
-0.011108 -0.006233 -0.489463
-0.012392 -0.008379 -0.500686
-0.026467 -0.065690 -0.592799
-0.032334 -0.129538 -0.639649
-0.113324 -0.105299 -0.720226
-0.110717 -0.052802 -0.600099
-0.065665 -0.088768 -0.515188
-0.062643 -0.097214 -0.513244
-0.019480 -0.094245 -0.413262
-0.034499 -0.062073 -0.406339
-0.049184 -0.021534 -0.406518
-0.038632 -0.007373 -0.394370
-0.006527 -0.031805 -0.379660
0.010985 -0.064346 -0.393586
0.007224 -0.109115 -0.426161
0.153433 -0.082081 -0.516920
0.178432 -0.115650 -0.603966
0.143512 -0.048652 -0.652452
0.071198 -0.056638 -0.613651
0.057749 -0.066469 -0.591603
0.033656 -0.099299 -0.570984
0.020321 -0.120127 -0.573062
-0.004183 -0.146996 -0.586724
0.017048 -0.101373 -0.706681
0.100810 -0.074614 -0.706490
0.123499 -0.075854 -0.718990
0.121877 -0.069470 -0.759123
0.070367 -0.052039 -0.820330
0.062769 -0.047367 -0.825431
-0.043163 -0.009981 -0.747443
-0.098554 0.000489 -0.676775
0.014830 -0.179895 -0.690117
0.014804 -0.178989 -0.689583
0.014954 -0.178283 -0.688804
0.014829 -0.177480 -0.688550
0.014762 -0.176588 -0.688232
0.014819 -0.175705 -0.687827
0.014356 -0.174888 -0.687528
0.014176 -0.174059 -0.687078
0.013933 -0.173068 -0.686606
0.013792 -0.172398 -0.686253
0.013808 -0.171107 -0.685590
0.013642 -0.170470 -0.685533
0.013647 -0.169478 -0.684880
0.013375 -0.168628 -0.685002
0.013445 -0.167713 -0.684580
0.013491 -0.166923 -0.683961
0.013559 -0.166146 -0.683352
0.013578 -0.165144 -0.682714
0.013648 -0.164212 -0.682294
0.013711 -0.163250 -0.681838
0.013537 -0.162445 -0.681582
0.013523 -0.161255 -0.680684
0.013458 -0.160359 -0.680134
0.013356 -0.159312 -0.679535
0.013536 -0.158219 -0.678677
0.013613 -0.157235 -0.678197
0.013495 -0.156315 -0.677884
0.013303 -0.155521 -0.677813
0.013360 -0.154526 -0.677041
0.013317 -0.153644 -0.676489
0.013174 -0.152469 -0.676012
0.013251 -0.151431 -0.675324
0.013178 -0.150210 -0.674945
0.013257 -0.148828 -0.673865
0.013107 -0.147784 -0.673466
0.012897 -0.146605 -0.673130
0.012567 -0.145463 -0.672525
0.012376 -0.144413 -0.671993
0.012804 -0.143263 -0.671447
0.012566 -0.142186 -0.671151
0.012555 -0.141050 -0.670425
0.012494 -0.140057 -0.669895
0.012564 -0.138718 -0.668878
0.012498 -0.137728 -0.668277
0.012512 -0.136625 -0.667673
0.012395 -0.135482 -0.667432
0.012167 -0.134233 -0.667648
0.012234 -0.133014 -0.667047
0.012156 -0.131660 -0.666390
0.011950 -0.130493 -0.665758
0.011676 -0.129327 -0.665222
0.011714 -0.128437 -0.664588
0.011763 -0.127165 -0.663875
0.011675 -0.126099 -0.663258
0.011754 -0.124668 -0.662401
0.011716 -0.123256 -0.661920
0.011475 -0.122158 -0.661496
0.011308 -0.120855 -0.660754
0.011086 -0.119473 -0.660002
0.010918 -0.118090 -0.659070
0.010791 -0.116960 -0.658581
0.010663 -0.115710 -0.657933
0.010628 -0.114449 -0.657429
0.010766 -0.112877 -0.656550
0.011057 -0.111457 -0.656887
0.010422 -0.110187 -0.655322
0.010379 -0.108756 -0.654468
0.010263 -0.107513 -0.653821
0.010417 -0.106061 -0.653053
0.010352 -0.104546 -0.652659
0.010179 -0.103340 -0.652246
0.010064 -0.102003 -0.651644
0.009983 -0.100639 -0.650849
0.009947 -0.099306 -0.650024
0.009994 -0.097886 -0.649296
0.010046 -0.096435 -0.648519
0.010117 -0.094985 -0.647715
0.010133 -0.093281 -0.646717
0.010165 -0.091707 -0.645765
0.010161 -0.090130 -0.644778
0.009791 -0.088719 -0.644902
0.009620 -0.087094 -0.644386
0.009440 -0.085556 -0.643545
0.009413 -0.084218 -0.642749
0.009409 -0.082787 -0.641871
0.009410 -0.081272 -0.641066
0.009391 -0.079859 -0.640021
0.008927 -0.077989 -0.639071
0.008578 -0.076227 -0.638146
0.008486 -0.074482 -0.637317
0.008471 -0.072779 -0.636828
0.008444 -0.071165 -0.636370
0.008349 -0.069585 -0.635841
0.008444 -0.068158 -0.634457
0.008388 -0.066660 -0.633540
0.008320 -0.065208 -0.632660
0.008177 -0.063753 -0.631777
0.008070 -0.062267 -0.630834
0.008005 -0.060549 -0.630130
0.008045 -0.058913 -0.629382
0.008092 -0.057273 -0.628649
0.008011 -0.055519 -0.627898
0.007922 -0.053753 -0.627014
0.007846 -0.052015 -0.626136
0.007774 -0.050304 -0.625219
0.007692 -0.048600 -0.624378
0.007658 -0.046712 -0.623612
0.007621 -0.044847 -0.622911
0.007620 -0.042967 -0.622094
0.007579 -0.041159 -0.621096
0.007528 -0.039348 -0.620098
0.007449 -0.037530 -0.619212
0.006980 -0.036384 -0.618161
0.006664 -0.034658 -0.617262
0.006619 -0.032871 -0.616443
0.006624 -0.030960 -0.615613
0.006555 -0.029073 -0.614872
0.006509 -0.027176 -0.613934
0.006444 -0.025267 -0.612886
0.006359 -0.023429 -0.611961
0.006301 -0.021596 -0.610922
0.006220 -0.019736 -0.610039
0.006173 -0.017919 -0.608950
0.006139 -0.016080 -0.608214
0.006119 -0.014183 -0.607478
0.005935 -0.012440 -0.605885
0.005873 -0.010615 -0.605014
0.005409 -0.008747 -0.603986
0.005150 -0.006788 -0.602943
0.005015 -0.004829 -0.602130
0.004997 -0.002892 -0.601087
0.004918 -0.000867 -0.599965
0.004824 0.001130 -0.598962
0.004781 0.003150 -0.597856
0.004736 0.005210 -0.597032
0.004759 0.007291 -0.596022
0.004738 0.009418 -0.595129
0.004702 0.011559 -0.594229
0.004626 0.013643 -0.592975
0.004539 0.015674 -0.591945
0.003734 0.016916 -0.591071
0.003534 0.018690 -0.590109
0.003350 0.020722 -0.589006
0.003321 0.022835 -0.587995
0.003253 0.024924 -0.587178
0.003215 0.027038 -0.586216
0.003128 0.029062 -0.585105
0.003095 0.031178 -0.583977
0.002804 0.032968 -0.583534
0.002549 0.035030 -0.582672
0.002347 0.037213 -0.581643
0.002186 0.039423 -0.580552
0.002080 0.041679 -0.579399
0.001918 0.043939 -0.578258
0.001825 0.046094 -0.577049
0.001601 0.048168 -0.575965
0.001471 0.050228 -0.574767
0.001391 0.052289 -0.573678
0.001391 0.054364 -0.572831
0.001434 0.056470 -0.571871
0.001387 0.058662 -0.570925
0.001321 0.060949 -0.569968
0.001193 0.063175 -0.568634
0.001113 0.065395 -0.567447
0.000884 0.067656 -0.566205
0.000646 0.069870 -0.565118
0.000453 0.072099 -0.563797
0.000407 0.074341 -0.562760
0.000298 0.076622 -0.561778
0.000203 0.078908 -0.560748
0.000107 0.081157 -0.559720
0.000032 0.083423 -0.558409
-0.000069 0.085702 -0.557212
-0.000144 0.088012 -0.556003
-0.000196 0.090384 -0.554856
-0.000406 0.092813 -0.553635
-0.000551 0.095215 -0.552641
-0.000734 0.097621 -0.551605
-0.001051 0.100114 -0.550071
-0.000778 0.102277 -0.549071
-0.000583 0.104560 -0.548001
-0.000449 0.106731 -0.546874
-0.000560 0.109105 -0.545592
-0.000835 0.111545 -0.544346
-0.001009 0.113998 -0.543143
-0.001166 0.116424 -0.542003
-0.001359 0.118895 -0.540922
-0.001560 0.121426 -0.539685
-0.001845 0.123922 -0.538249
-0.002098 0.126457 -0.536759
-0.002360 0.128998 -0.535290
-0.002661 0.131602 -0.533863
