249 151
249 151
248 150
248 150
248 150
248 150
248 150
249 150
249 150
250 150
252 150
253 151
254 151
254 151
255 151
255 151
255 151
255 151
255 152
256 152
256 153
257 153
257 153
257 153
257 153
256 152
256 152
255 151
254 151
254 150
253 149
253 148
252 147
252 146
252 146
252 146
252 147
252 147
251 146
249 145
248 145
247 145
246 145
245 145
244 144
243 143
241 141
239 139
236 137
232 133
227 131
222 129
217 127
211 126
206 125
204 124
204 123
203 122
202 122
202 121
201 121
200 121
199 121
197 121
195 121
191 120
187 120
182 120
177 119
173 119
170 118
167 118
164 118
162 118
162 119
162 119
163 120
164 121
164 122
165 123
165 125
165 126
166 127
167 128
169 129
171 130
174 131
176 132
178 133
180 134
182 135
184 136
187 137
189 138
192 139
194 140
197 140
199 141
202 141
206 142
209 143
212 143
215 144
218 145
221 145
224 146
227 147
230 147
232 148
235 148
237 149
239 149
241 149
241 149
242 149
242 149
242 149
241 149
240 148
238 148
236 148
235 148
233 147
231 147
229 148
227 148
225 148
222 148
220 148
217 148
215 148
213 148
210 148
208 148
205 149
202 149
199 150
197 151
194 152
191 154
188 155
186 157
183 158
181 160
178 162
176 163
174 164
172 165
171 165
169 165
168 166
167 166
166 166
165 167
165 167
164 168
164 168
163 169
162 170
161 170
160 170
158 171
156 171
155 171
154 172
152 172
151 173
149 174
146 175
145 176
143 177
141 177
139 178
137 179
134 179
132 179
129 179
126 179
123 179
119 180
115 180
111 181
106 181
100 182
95 183
89 183
83 184
77 185
71 185
65 187
60 187
56 188
52 189
48 189
45 190
41 190
39 190
37 191
36 191
35 191
34 191
34 191
34 191
34 191
34 192
35 193
35 194
36 195
37 197
39 198
41 200
44 202
47 204
51 206
56 208
61 209
66 211
72 211
78 212
83 213
89 213
95 213
101 214
107 214
113 213
119 213
124 213
131 214
137 214
143 214
149 213
155 213
162 213
169 212
176 212
182 211
189 210
196 209
203 207
210 206
217 205
223 204
229 203
235 202
240 201
245 201
249 200
254 200
258 199
262 199
266 199
271 199
276 200
280 200
285 200
290 200
295 199
300 199
304 199
308 198
313 197
318 197
322 196
326 195
329 193
331 192
333 191
334 190
335 189
336 189
337 188
337 187
337 187
338 187
338 187
338 186
337 185
337 185
337 184
336 183
335 182
334 181
333 180
333 179
332 179
331 178
330 177
328 177
326 176
325 176
324 175
323 174
322 174
321 174
321 174
320 174
319 173
318 174
317 173
316 174
315 174
315 174
314 174
314 174
313 174
313 174
312 174
311 173
310 173
309 172
308 171
98 2
305 170
303 169
301 168
299 167
296 167
98 2
98 2
289 166
286 166
98 2
98 2
98 2
98 2
272 168
98 2
98 2
98 2
98 2
98 2
98 2
98 2
98 2
239 173
235 173
230 174
226 174
98 2
98 2
98 2
98 2
98 2
98 2
98 2
98 2
98 2
187 175
184 175
181 175
178 175
98 2
173 176
170 176
168 177
166 177
164 177
162 178
160 178
158 178
156 179
155 179
153 180
151 180
149 181
147 181
145 182
142 183
139 183
137 184
134 184
131 184
128 184
124 185
121 185
119 185
116 185
113 186
110 186
108 186
106 187
103 187
101 187
99 187
96 188
93 188
90 189
86 190
82 191
78 192
73 193
69 194
65 196
60 197
57 199
53 200
50 201
47 202
44 203
41 205
39 206
37 207
34 208
32 210
30 211
28 212
27 214
25 215
24 217
24 219
24 221
25 223
25 225
26 227
27 230
28 232
29 234
31 237
33 239
35 243
37 246
39 249
41 253
43 255
46 258
48 261
51 263
54 266
57 267
60 269
63 269
67 271
71 271
75 271
79 271
84 271
88 271
93 270
99 270
104 269
110 269
117 268
122 267
129 266
135 265
140 264
146 263
152 263
158 261
164 261
169 260
173 259
178 258
182 257
186 257
191 256
196 256
200 257
205 257
211 258
217 259
223 260
230 261
237 262
244 263
251 264
259 265
266 265
273 265
279 266
285 266
291 266
296 267
301 267
306 267
310 267
314 267
318 266
321 266
324 265
327 265
330 264
332 263
334 262
336 261
337 260
339 259
340 258
341 257
342 255
343 254
344 252
344 251
345 249
345 247
345 245
98 2
346 242
346 240
346 239
346 237
345 236
344 235
343 234
342 233
342 233
341 232
341 232
340 232
340 231
339 231
339 231
338 231
338 231
337 231
98 2
336 230
98 2
335 230
334 229
333 229
332 229
331 228
98 2
328 226
326 226
324 225
98 2
98 2
98 2
98 2
98 2
309 225
306 225
98 2
98 2
296 226
98 2
290 227
287 228
283 229
98 2
98 2
273 231
98 2
98 2
263 233
98 2
257 234
98 2
98 2
98 2
98 2
98 2
236 233
233 233
98 2
227 231
224 231
98 2
219 230
98 2
215 229
213 230
210 230
208 230
206 230
203 230
200 231
197 231
194 232
98 2
98 2
98 2
98 2
98 2
98 2
98 2
98 2
98 2
98 2
98 2
98 2
98 2
98 2
98 2
98 2
98 2
98 2
98 2
128 248
125 248
122 249
119 250
115 251
112 252
108 252
104 253
98 2
98 2
98 2
98 2
98 2
98 2
98 2
98 2
98 2
98 2
98 2
98 2
98 2
98 2
98 2
98 2
98 2
98 2
98 2
98 2
98 2
98 2
98 2
98 2
98 2
98 2
98 2
98 2
98 2
98 2
98 2
98 2
98 2
98 2
98 2
98 2
98 2
98 2
98 2
98 2
98 2
20 247
20 248
21 250
21 252
21 254
22 257
22 260
23 262
23 264
24 267
25 269
25 271
25 273
25 275
24 277
23 278
22 279
21 280
19 281
18 281
16 281
14 281
12 282
9 283
6 283
4 284
0 285
98 2
98 2
98 2
98 2
98 2
98 2
98 2
98 2
98 2
98 2
98 2
0 296
3 297
8 299
13 301
18 303
24 305
31 306
38 307
46 308
54 308
62 307
70 307
79 305
87 303
96 301
104 299
112 298
119 297
126 296
133 296
140 296
146 296
153 296
159 296
166 297
172 297
179 297
185 297
192 296
198 296
204 297
210 298
217 300
223 302
228 304
234 307
238 309
243 312
246 314
249 316
252 318
255 319
258 320
261 321
264 322
267 323
98 2
272 325
275 327
98 2
98 2
98 2
98 2
98 2
98 2
98 2
98 2
98 2
98 2
98 2
98 2
98 2
98 2
98 2
98 2
268 319
264 315
260 312
257 309
98 2
250 303
246 301
242 300
239 299
237 298
234 297
231 296
228 296
225 295
222 295
218 295
215 295
211 295
207 295
202 295
199 294
195 293
191 292
187 291
183 290
179 289
176 289
172 288
168 287
164 287
160 287
157 287
153 287
149 288
145 288
141 287
138 287
134 288
131 288
128 288
125 288
122 288
119 288
117 288
114 288
98 2
98 2
98 2
104 288
101 288
98 289
95 289
92 290
98 2
98 2
98 2
98 2
98 2
98 2
98 2
98 2
98 2
98 2
98 2
98 2
49 302
46 304
41 306
37 309
33 311
28 312
24 314
20 317
15 318
11 320
6 322
2 323
98 2
98 2
98 2
98 2
98 2
98 2
98 2
98 2
98 2
98 2
98 2
98 2
98 2
98 2
98 2
98 2
0 353
5 354
9 355
14 356
20 357
27 359
34 360
42 361
52 361
61 360
70 359
77 357
83 356
89 355
94 355
98 355
103 355
107 355
111 355
116 355
121 357
126 357
131 357
137 357
143 357
149 357
156 356
162 355
168 354
174 352
180 350
185 347
189 345
193 342
197 339
201 338
206 337
210 336
214 335
219 334
224 333
229 333
234 332
239 331
244 331
250 330
254 329
259 328
263 327
267 326
270 325
273 324
276 322
278 321
98 2
281 319
282 318
282 318
282 317
282 318
281 319
98 2
98 2
278 325
98 2
98 2
98 2
98 2
98 2
98 2
98 2
98 2
98 2
98 2
98 2
98 2
98 2
98 2
98 2
98 2
98 2
98 2
98 2
98 2
98 2
241 355
240 347
240 339
239 331
240 322
241 314
98 2
241 297
240 289
98 2
239 277
98 2
98 2
98 2
98 2
98 2
98 2
98 2
235 252
98 2
98 2
98 2
98 2
98 2
98 2
98 2
98 2
98 2
98 2
98 2
98 2
98 2
98 2
98 2
98 2
98 2
98 2
98 2
98 2
98 2
98 2
98 2
98 2
98 2
98 2
98 2
98 2
98 2
98 2
98 2
98 2
98 2
98 2
98 2
98 2
98 2
98 2
98 2
98 2
98 2
98 2
98 2
98 2
98 2
98 2
98 2
98 2
98 2
98 2
98 2
98 2
98 2
