332 143
333 143
334 142
334 142
334 142
335 142
336 142
337 142
337 142
338 142
339 142
340 142
341 142
342 142
343 142
343 142
343 142
343 142
343 142
342 143
342 143
341 143
341 143
341 143
341 143
340 143
155 217
128 222
126 223
338 141
131 222
131 222
338 139
128 222
140 220
128 222
339 139
339 139
339 139
339 138
339 138
339 138
339 138
338 138
338 137
338 137
337 136
337 135
128 222
338 131
155 217
336 127
335 126
335 125
335 125
334 124
333 123
331 122
331 122
330 122
329 122
329 122
328 122
327 122
326 121
325 121
323 121
322 121
320 121
318 121
317 121
315 121
315 120
314 121
313 121
312 122
311 122
311 123
310 124
310 125
310 127
309 128
309 129
309 130
309 131
309 131
309 132
308 133
308 133
308 134
307 135
306 136
305 137
303 138
302 139
300 139
298 140
296 140
293 141
290 141
286 141
283 142
279 142
276 143
272 144
268 144
265 145
262 145
258 145
255 146
252 146
250 146
247 146
244 147
241 147
239 147
236 147
233 147
229 147
226 147
223 147
220 147
217 147
214 148
211 148
209 149
206 149
203 150
201 150
198 151
195 151
193 152
190 152
187 153
185 154
182 155
180 156
178 158
176 160
174 162
172 165
170 167
169 169
167 172
166 175
164 177
164 179
163 180
163 182
164 182
165 183
166 184
168 184
170 184
173 184
176 185
179 185
182 186
186 186
190 187
194 187
198 187
202 187
206 188
210 188
214 188
218 189
222 190
226 191
230 192
234 192
238 193
242 194
246 195
250 195
254 195
258 195
263 195
267 195
272 196
277 196
282 197
287 198
292 199
298 200
304 201
310 202
316 203
322 205
328 206
334 207
340 208
345 209
351 209
356 210
361 210
366 209
371 209
375 209
379 208
383 208
387 207
390 206
394 206
398 205
402 205
406 205
411 204
415 204
420 204
424 204
428 204
433 203
436 203
440 203
443 202
446 201
449 200
451 199
453 198
455 196
456 195
457 193
458 192
458 191
459 189
459 188
458 188
457 187
455 186
454 185
452 185
450 184
448 183
445 182
443 181
439 180
436 179
432 178
428 177
425 176
420 176
417 175
413 174
410 173
406 172
403 172
399 172
396 171
392 171
389 171
385 171
381 172
377 172
374 171
370 171
366 171
362 171
358 171
354 170
350 170
347 169
344 169
340 168
337 167
334 166
330 166
327 165
323 165
320 164
317 164
313 164
310 164
306 164
302 164
298 165
293 165
289 165
284 165
279 164
274 164
269 164
264 163
260 163
255 163
251 163
247 163
243 163
238 163
234 163
231 163
227 163
224 163
220 163
217 163
213 163
210 164
206 164
202 165
198 165
194 166
191 166
187 167
183 168
179 168
176 168
172 168
168 168
164 169
161 168
157 168
154 167
151 167
147 167
144 166
141 166
137 166
133 166
130 166
127 167
123 167
120 168
117 169
114 170
111 171
108 172
105 174
102 175
99 177
95 179
93 181
90 182
87 184
85 186
83 187
80 189
79 190
77 192
76 193
75 194
74 195
74 196
73 197
73 198
73 199
73 200
72 201
72 202
72 203
73 204
73 205
74 206
75 207
77 208
79 209
81 210
83 211
85 211
88 212
91 213
93 213
97 214
100 214
103 215
107 216
111 216
115 217
119 219
123 220
127 220
131 221
135 222
139 222
143 223
146 224
151 224
155 225
159 225
164 225
169 226
173 226
178 226
183 226
187 226
192 227
197 227
202 228
207 230
213 231
220 233
226 234
233 236
240 238
247 240
254 242
260 244
267 245
274 246
280 246
286 247
292 248
298 249
303 250
309 251
314 251
320 252
327 252
333 252
340 253
346 253
353 253
359 253
365 253
372 253
378 253
385 252
391 252
397 251
403 251
409 251
414 251
419 251
425 251
429 251
434 251
438 250
442 250
445 249
447 249
450 248
451 247
453 245
454 244
454 243
455 242
455 240
454 239
453 237
452 236
451 234
449 233
448 231
446 230
444 228
442 227
440 226
437 224
435 223
433 222
431 221
430 219
429 218
427 217
426 216
425 215
424 214
423 213
422 213
421 212
419 212
418 212
416 212
415 212
414 211
412 211
410 211
408 211
407 210
405 210
403 209
401 209
400 208
398 208
396 208
394 208
392 208
390 207
389 207
387 206
385 206
382 206
380 206
378 205
375 205
373 205
370 205
367 205
363 205
360 204
356 204
352 204
348 203
344 203
340 203
335 202
331 202
326 202
322 201
318 201
313 200
309 200
305 200
300 200
296 200
292 201
288 201
283 201
279 202
275 203
271 203
267 204
263 205
258 205
254 206
249 207
245 208
241 208
236 209
231 210
226 211
221 211
216 212
212 213
207 213
202 213
197 214
193 214
188 215
184 216
179 217
175 218
171 220
166 221
162 223
159 225
155 227
151 228
148 230
145 232
141 234
138 237
135 239
131 242
128 245
125 247
122 249
119 251
115 253
112 255
109 257
106 259
102 261
99 263
96 264
93 266
91 266
89 267
87 268
85 268
85 268
84 269
84 269
84 269
84 270
84 271
85 272
85 273
86 274
87 275
89 276
90 278
91 280
93 282
95 284
98 286
100 288
102 290
105 292
107 295
109 297
111 299
113 301
115 303
118 305
120 307
122 309
124 310
126 312
128 313
131 314
134 316
137 318
140 319
144 321
148 323
151 324
155 326
159 327
164 328
168 329
174 330
180 330
186 331
193 331
200 331
207 331
215 330
223 329
230 328
238 327
245 326
251 325
257 324
262 323
267 322
271 321
275 319
279 317
284 316
289 314
294 312
299 309
304 306
309 304
314 301
318 299
321 296
325 294
328 293
330 291
333 290
335 290
337 289
340 288
343 287
346 287
349 286
352 285
355 285
358 284
360 284
363 285
365 286
368 287
370 288
373 289
377 290
381 291
384 291
388 291
392 292
396 292
401 291
405 291
409 290
414 289
418 289
422 288
427 287
431 285
436 284
441 282
446 281
452 279
457 278
462 277
467 276
472 275
476 274
480 273
484 272
488 271
491 270
494 268
496 267
498 265
500 264
501 263
503 261
504 260
505 259
506 258
507 256
507 255
506 254
506 252
506 250
504 247
503 245
501 243
499 240
497 238
494 235
491 234
488 233
484 232
480 232
475 232
471 232
466 233
461 233
456 234
451 234
447 235
442 235
437 236
431 236
426 237
420 238
414 240
408 242
402 244
397 247
391 249
385 252
379 255
374 258
368 261
362 263
357 265
351 267
345 270
339 272
333 274
326 277
320 280
315 282
309 284
303 286
297 288
291 290
285 292
280 294
274 296
269 298
264 300
259 302
254 305
249 306
244 308
239 309
235 310
230 310
227 310
223 309
220 308
218 307
215 306
213 306
211 307
208 307
206 308
204 309
201 310
199 312
196 313
194 315
192 317
190 319
187 322
185 324
183 326
181 328
179 330
176 331
174 333
172 334
170 335
168 337
167 339
166 340
165 342
164 344
164 346
164 348
165 350
165 352
166 354
167 355
168 357
170 358
171 360
173 361
175 361
178 362
181 362
184 362
188 362
192 362
196 361
201 360
207 359
212 359
218 359
223 359
229 360
233 361
238 362
243 363
247 364
252 365
257 365
261 365
266 366
270 367
275 367
279 369
284 371
288 373
293 376
298 379
303 381
309 384
314 386
320 388
326 390
331 391
337 393
344 394
350 395
356 395
362 395
369 394
374 394
380 393
384 392
389 391
393 390
397 389
400 387
404 385
407 383
411 380
415 377
419 373
422 368
426 364
430 359
434 354
437 349
440 344
442 339
444 334
445 329
445 324
445 318
446 313
445 310
445 307
444 304
443 303
441 302
439 301
438 301
436 300
433 300
431 300
427 301
424 301
419 301
415 301
411 301
406 300
402 300
397 298
393 297
389 295
385 294
381 292
377 291
374 290
370 289
366 288
363 288
359 288
354 287
350 287
346 287
341 286
337 286
332 286
327 286
323 286
318 286
314 285
310 285
306 284
302 284
298 284
294 284
289 284
285 284
281 285
277 286
273 288
269 290
264 293
261 297
257 301
253 305
250 310
246 315
243 321
240 327
238 333
235 339
233 344
231 349
155 217
155 217
155 217
155 217
128 222
155 217
155 217
155 217
155 217
155 217
219 376
217 372
215 366
213 359
212 351
211 343
210 335
209 326
208 317
207 309
205 301
203 295
202 289
201 284
199 280
197 277
195 275
128 222
145 219
157 217
182 268
177 266
173 264
169 262
165 261
161 259
157 257
153 255
148 253
144 252
139 251
134 250
70 183
93 182
70 183
85 182
85 182
86 182
86 182
70 183
75 183
69 183
51 185
44 185
44 185
35 186
44 185
50 185
49 185
126 178
44 185
127 178
117 179
115 179
34 186
155 217
127 178
126 178
126 178
126 178
112 180
117 179
126 178
126 178
111 180
111 180
151 176
110 180
126 178
127 178
127 178
126 178
126 178
116 179
