305 48
306 47
306 46
307 45
307 45
307 45
307 45
307 45
307 44
306 44
306 44
305 44
304 43
304 43
304 43
303 43
303 43
303 43
303 44
303 44
302 45
301 45
301 45
301 45
301 45
301 45
301 45
302 45
302 44
303 44
303 43
304 42
304 41
305 40
305 40
305 40
305 40
305 41
305 41
307 40
308 39
309 40
309 40
310 39
311 39
313 38
314 37
315 36
318 34
321 31
326 28
330 27
336 25
341 25
347 24
350 24
350 23
351 23
352 22
352 22
353 22
353 22
354 23
356 23
358 23
362 23
366 23
371 24
377 25
381 25
385 25
389 25
393 25
395 26
396 27
396 28
395 29
394 30
393 31
393 33
393 34
392 36
391 37
390 38
387 39
385 40
382 41
379 42
376 43
374 44
372 45
369 46
367 47
364 49
361 50
357 52
354 53
351 54
347 55
343 56
339 58
334 59
329 61
324 63
320 65
316 67
311 68
306 70
302 72
297 73
293 75
289 76
286 77
283 78
281 79
280 81
279 82
279 83
279 84
281 85
282 86
283 88
285 89
287 91
289 93
292 94
295 96
298 98
301 99
304 101
308 103
311 105
315 106
319 109
323 111
327 114
332 117
337 120
341 124
347 128
352 132
357 136
361 141
365 145
370 149
374 153
378 155
382 157
385 159
387 159
390 159
392 159
394 158
394 157
395 157
396 156
397 155
397 154
399 152
400 151
402 149
405 148
407 146
409 145
411 143
412 142
414 141
417 140
419 139
421 139
423 138
426 137
428 136
431 135
433 134
435 132
438 131
441 129
445 127
449 125
453 124
457 123
462 122
468 121
473 121
478 120
484 119
489 118
494 117
499 116
502 116
505 115
508 114
510 113
512 111
513 110
513 108
514 107
513 106
513 104
511 103
510 101
509 99
507 98
505 96
503 95
500 94
497 93
494 92
490 91
486 89
482 88
477 87
472 86
467 85
461 84
456 82
450 81
445 79
440 77
435 76
431 74
426 73
422 71
417 70
413 69
410 67
406 67
402 67
398 66
394 66
390 65
386 65
383 64
378 64
374 64
369 64
365 64
360 63
356 63
351 63
346 63
341 63
337 63
333 63
329 63
325 64
321 64
318 65
314 65
310 66
305 67
301 69
296 70
291 71
286 72
281 73
276 74
271 75
266 75
260 76
255 76
250 76
245 76
240 76
236 77
232 77
228 78
225 78
222 79
219 79
216 81
213 82
210 83
207 85
204 87
201 88
197 90
193 92
190 94
187 95
184 96
181 98
177 100
174 102
172 103
169 105
167 107
166 109
164 111
162 112
160 114
157 115
155 117
153 119
150 121
147 124
145 127
143 129
141 132
138 136
135 139
133 142
129 145
125 148
122 150
119 153
117 156
115 158
112 160
110 162
109 163
108 164
107 166
107 167
107 169
108 172
109 174
111 177
113 179
115 183
117 186
121 190
125 194
129 199
133 203
137 208
142 213
147 219
155 224
161 229
169 233
179 237
189 241
199 245
211 248
223 251
234 253
246 254
258 255
269 256
280 256
291 256
301 257
312 257
322 257
331 257
341 257
349 257
357 257
365 257
372 256
379 256
385 255
392 254
397 253
402 251
407 249
411 247
415 245
419 243
422 241
425 239
429 237
432 234
436 232
441 231
445 229
450 227
455 224
459 222
464 219
469 217
474 215
479 213
483 210
487 208
491 205
494 203
497 200
499 198
501 195
503 193
506 191
508 188
511 186
514 185
518 183
521 182
525 180
529 178
533 177
536 176
539 174
541 173
543 172
544 171
545 169
545 167
546 165
547 164
546 163
547 161
546 161
546 159
545 158
544 156
542 154
540 153
537 151
534 150
530 148
525 147
521 145
517 143
513 141
508 139
503 137
498 135
493 134
489 132
485 131
481 130
477 129
473 128
469 127
465 125
462 124
458 123
455 122
452 121
448 119
445 118
442 117
439 116
436 115
433 114
429 113
426 112
422 111
418 111
414 110
410 109
407 108
403 107
399 107
395 107
391 106
387 106
384 105
380 104
377 103
374 103
371 102
368 101
365 101
362 101
359 100
356 101
352 101
348 101
344 102
340 102
335 102
330 103
326 103
321 104
316 104
311 104
306 104
302 104
298 105
294 105
290 106
286 106
283 106
279 107
276 107
273 107
270 108
267 108
265 109
262 109
259 110
257 111
254 111
251 113
248 114
245 115
243 116
240 117
237 118
233 119
230 121
227 122
223 123
220 125
217 126
213 127
210 129
207 131
205 132
202 134
200 136
197 139
194 141
192 144
189 147
186 150
183 153
180 156
177 159
174 162
171 166
167 170
164 173
160 177
156 181
153 185
149 190
146 194
143 198
139 202
136 206
133 209
131 213
129 217
128 221
127 226
126 231
125 237
126 243
127 248
128 254
129 259
132 264
135 269
139 275
141 281
145 287
149 293
154 299
159 305
163 311
168 316
173 322
177 327
182 333
187 339
192 344
197 349
203 354
209 358
215 361
221 365
229 367
235 368
241 369
248 369
254 368
259 369
264 368
269 368
276 367
281 367
287 365
293 365
300 364
307 363
315 361
323 361
332 359
341 358
351 357
360 355
369 353
378 351
386 350
394 348
401 347
407 346
413 345
419 345
424 344
429 343
434 342
438 341
443 339
447 338
451 336
456 334
461 332
466 330
470 328
475 325
480 323
485 321
491 318
497 314
503 310
509 305
515 301
521 295
526 290
531 285
535 279
539 274
542 268
546 262
549 257
552 252
555 248
557 244
558 240
559 237
560 234
559 231
559 228
559 224
559 221
558 217
556 213
555 209
553 205
551 201
548 198
545 195
543 193
541 191
540 189
540 187
539 186
539 184
539 183
538 181
537 180
537 178
535 177
534 175
532 174
530 174
528 173
526 174
524 174
523 174
520 175
517 174
515 174
512 173
510 172
507 171
505 170
503 169
501 168
500 166
499 164
499 162
498 160
497 158
497 155
497 152
496 150
496 147
496 145
495 143
495 140
495 138
495 136
494 135
493 133
492 131
491 129
489 127
487 126
486 124
483 123
481 121
478 120
475 119
472 117
468 116
464 115
459 114
455 114
450 113
446 111
441 110
437 108
432 107
427 105
423 104
418 103
414 101
410 101
406 101
403 101
399 102
396 103
392 105
389 107
385 109
381 111
377 113
373 115
369 116
365 119
361 121
357 124
352 127
347 131
342 135
337 139
333 144
328 149
324 154
320 160
316 165
312 171
308 175
305 180
300 186
296 191
292 197
287 203
282 209
278 215
273 221
269 227
264 233
260 239
256 245
253 250
250 256
247 262
245 268
243 274
241 280
240 286
239 292
239 297
240 301
241 305
244 307
247 308
250 308
253 309
257 309
261 309
265 310
269 311
272 313
275 315
278 317
281 320
285 323
289 326
293 329
298 332
303 335
309 338
315 341
321 344
327 346
332 348
339 350
345 352
351 353
357 355
363 357
370 357
376 359
382 360
389 360
395 361
401 361
408 361
414 361
420 360
426 359
431 358
437 357
442 356
446 354
450 352
454 349
457 346
461 343
464 339
467 335
470 331
472 326
475 321
477 317
480 313
483 309
486 306
489 303
491 301
494 298
497 296
500 294
503 291
506 288
508 285
511 283
513 281
515 279
518 278
520 277
523 276
526 276
529 275
532 273
534 272
536 270
539 269
541 267
543 265
545 263
547 260
548 258
548 255
549 252
548 249
546 247
545 245
543 243
540 241
537 239
534 238
530 236
527 233
523 230
518 228
514 224
509 221
503 217
497 213
492 208
485 204
479 200
473 197
466 193
458 190
451 187
444 183
439 179
434 177
430 175
426 174
423 173
420 173
418 173
415 174
413 174
409 175
406 177
403 178
399 180
395 182
391 184
387 186
382 188
378 189
373 190
369 191
365 191
361 191
358 192
355 193
351 193
347 194
344 196
340 197
336 199
331 201
326 203
321 205
316 208
310 210
304 213
299 216
293 218
288 221
283 223
278 225
273 228
269 230
265 232
262 235
259 238
256 241
253 245
251 249
249 254
248 259
247 265
246 272
245 279
245 287
245 295
246 303
247 312
248 321
250 329
252 337
253 345
256 351
258 357
261 364
263 369
266 373
269 378
271 381
273 383
274 385
274 385
274 384
274 382
274 378
274 373
275 366
275 358
274 350
273 341
272 331
271 322
270 313
270 305
270 299
271 292
272 288
273 284
275 281
275 280
276 279
121 426
121 426
122 426
122 426
121 426
121 426
122 426
121 426
121 426
122 426
121 426
121 426
121 426
121 426
121 426
121 426
122 426
121 426
121 426
122 426
121 426
122 427
327 463
317 471
323 466
321 461
317 471
313 464
317 471
321 456
317 471
317 471
313 464
317 471
317 471
175 393
321 457
175 393
175 393
175 393
317 471
175 393
175 393
175 393
175 393
175 393
175 393
175 393
175 393
175 393
175 393
175 393
175 393
175 393
175 393
175 393
