151 103
151 103
151 103
150 103
149 103
148 103
148 103
147 103
146 103
145 103
144 103
143 103
143 103
143 103
143 104
143 104
144 104
144 105
145 105
145 106
145 106
145 105
146 105
147 105
148 105
148 104
148 103
148 103
148 102
148 101
147 100
147 99
147 99
147 99
147 100
147 100
147 100
146 99
146 98
146 98
147 98
147 98
147 97
147 96
147 95
146 93
145 90
145 87
144 85
144 83
143 82
142 80
141 80
142 79
144 78
145 78
145 77
146 77
146 77
146 77
523 295
522 294
148 77
148 77
519 291
522 295
149 76
149 76
149 76
149 75
149 75
150 76
150 76
151 77
151 78
152 78
152 79
152 80
153 81
153 82
153 83
154 84
154 85
155 86
436 14
157 88
436 14
159 90
436 14
436 14
436 14
436 14
167 95
169 96
436 14
175 98
436 14
436 14
436 14
436 14
436 14
198 104
202 105
436 14
210 107
436 14
218 109
222 110
436 14
228 111
231 112
234 112
236 113
239 113
241 113
243 113
245 113
246 113
436 14
436 14
250 113
251 113
251 113
252 113
252 113
253 113
253 113
253 113
253 113
254 114
254 114
254 114
254 114
253 115
253 115
252 116
252 118
251 119
250 120
250 121
249 123
248 124
247 125
246 126
245 127
244 128
243 128
242 128
241 128
239 128
238 128
236 128
234 129
233 129
231 129
229 129
226 130
223 130
220 129
217 129
215 129
212 129
209 129
206 129
203 129
200 130
197 130
194 130
191 130
188 131
184 131
181 131
178 131
175 130
171 130
168 129
164 129
160 128
156 128
152 127
148 127
143 127
138 127
133 126
129 126
124 126
119 126
115 125
110 125
106 125
102 125
99 125
95 124
92 124
89 124
85 124
83 123
80 123
78 123
75 122
73 122
70 122
67 122
64 122
61 122
58 123
54 123
50 124
46 125
43 125
39 126
35 127
32 128
28 129
25 130
21 130
19 130
16 130
13 130
11 130
9 130
7 130
6 130
4 130
4 130
4 131
5 131
6 132
7 132
8 132
10 132
12 133
15 134
19 134
22 134
27 134
31 134
36 134
41 135
46 135
51 135
55 135
59 136
64 136
69 137
74 137
78 138
83 139
88 140
94 141
100 143
105 144
111 145
117 146
123 148
129 149
135 149
142 150
148 150
153 151
159 151
165 151
170 151
176 151
181 151
187 151
192 151
196 151
201 151
206 151
211 151
216 152
222 152
227 153
233 153
239 153
245 153
251 153
256 152
261 152
266 152
271 152
276 152
280 151
283 151
287 151
290 151
294 151
297 150
300 150
303 150
306 150
436 14
312 151
315 151
318 152
320 152
323 153
326 153
329 154
332 154
335 155
338 155
341 155
436 14
346 155
348 155
350 154
436 14
353 153
354 152
355 151
356 150
357 149
357 149
357 148
357 148
357 147
357 147
357 147
356 148
355 148
354 148
354 149
353 149
352 150
350 150
349 151
347 151
345 151
342 151
339 151
337 151
333 151
330 150
327 150
324 150
320 149
317 148
314 148
311 147
308 147
305 146
302 146
299 145
297 145
294 145
291 144
289 144
286 144
284 144
281 144
279 144
276 144
274 144
272 144
269 143
267 143
264 143
262 143
259 143
257 143
254 143
251 143
248 143
244 143
241 143
238 143
234 143
231 142
228 142
225 142
221 141
218 141
215 141
211 140
208 140
205 140
202 139
199 139
196 139
193 138
190 138
187 138
183 138
179 138
175 138
171 138
166 138
162 139
157 139
153 139
149 140
145 140
141 140
138 140
134 140
130 141
127 141
124 141
121 142
118 142
115 142
111 143
108 143
105 143
101 144
97 145
94 146
90 147
86 148
82 149
79 150
74 151
70 151
66 153
62 154
57 156
53 157
49 159
44 160
40 162
36 163
32 164
29 165
26 166
23 167
21 168
18 168
17 169
15 169
14 169
13 170
13 170
13 170
13 170
14 170
15 170
16 171
17 171
19 171
20 171
23 171
25 171
27 172
29 172
30 172
32 172
33 172
34 172
36 172
36 173
38 173
39 173
40 174
41 174
43 176
44 177
45 179
47 181
49 182
51 184
53 187
55 189
58 191
60 192
62 194
65 195
68 197
70 199
73 200
76 202
79 203
82 204
85 205
89 206
92 207
96 208
99 208
103 209
107 209
111 210
116 210
121 210
126 211
131 211
137 211
143 211
150 211
156 210
163 210
169 210
176 210
183 209
189 209
195 208
201 208
207 207
213 207
219 206
224 206
229 206
234 206
239 207
244 207
249 208
254 208
259 209
263 209
268 210
273 211
278 212
283 212
288 213
293 214
298 214
302 215
307 215
311 216
315 216
319 216
323 215
326 215
329 214
332 214
334 214
336 213
338 214
340 214
341 214
342 214
343 214
343 214
343 214
342 214
342 214
341 215
341 215
340 216
339 216
338 216
337 217
336 217
335 217
334 217
333 217
333 217
332 217
331 216
330 216
328 215
327 214
325 213
324 211
322 210
320 209
319 207
317 206
315 205
314 205
312 204
310 204
308 203
306 202
303 202
300 202
297 201
295 201
291 201
288 200
284 200
280 200
276 199
272 199
268 198
264 198
261 198
257 198
254 198
251 198
249 198
246 198
243 198
241 198
239 198
236 198
234 198
231 198
228 198
225 198
222 197
219 197
216 197
212 197
209 196
205 196
201 195
197 194
192 193
188 191
183 190
179 189
174 187
169 186
165 185
160 183
156 182
151 180
147 179
144 178
141 177
138 176
136 175
134 174
132 174
130 173
127 172
125 171
122 170
120 169
117 168
115 167
113 167
111 166
110 166
108 165
107 165
106 165
104 164
103 164
102 164
100 163
99 163
97 163
95 163
93 163
92 163
91 163
89 164
88 165
86 166
85 168
83 169
81 171
79 172
77 173
74 174
71 176
69 177
66 178
63 178
60 179
56 179
53 179
50 178
47 178
43 178
40 177
36 176
32 175
28 175
24 174
19 174
15 173
11 172
7 172
3 172
522 294
523 295
523 295
520 292
523 295
520 292
518 291
522 294
436 14
523 295
522 294
436 14
436 14
436 14
436 14
436 14
436 14
436 14
436 14
436 14
436 14
436 14
436 14
436 14
436 14
436 14
436 14
436 14
436 14
436 14
436 14
436 14
0 192
6 195
12 197
18 199
24 201
31 203
38 206
45 210
53 213
60 218
67 222
74 227
82 232
89 236
96 241
103 245
110 249
117 252
124 255
132 258
139 262
147 266
155 269
162 273
169 277
177 280
184 283
191 285
198 288
204 289
210 291
216 293
221 294
226 295
231 297
235 298
239 298
243 298
246 297
249 295
251 293
252 289
252 285
253 281
253 277
253 273
253 270
252 267
252 265
252 264
252 263
253 262
252 260
252 259
252 259
252 258
251 257
250 256
249 255
248 254
247 253
246 252
245 250
244 248
243 246
242 245
241 243
239 242
238 240
236 239
234 238
232 237
230 237
228 236
225 235
223 234
221 233
218 232
216 231
214 230
211 230
209 229
207 228
204 227
202 226
199 225
196 224
193 223
190 222
187 221
183 220
179 220
176 219
172 219
168 218
165 218
162 218
159 218
156 217
152 217
149 216
146 215
143 215
140 214
137 214
134 214
131 214
128 215
125 215
121 216
118 216
114 216
111 216
108 216
104 217
101 217
97 216
93 216
90 216
86 216
83 215
79 215
76 216
73 216
70 217
68 217
65 218
63 219
61 220
59 221
56 222
54 222
51 223
49 224
46 224
43 225
40 225
36 225
33 226
30 227
27 228
25 229
24 230
23 230
22 230
21 230
21 230
21 230
21 231
22 231
23 232
25 233
27 234
28 236
31 238
33 240
37 242
41 244
45 246
50 248
54 250
59 251
64 252
69 253
73 253
77 253
82 253
87 253
91 253
96 253
100 254
105 255
109 257
114 258
119 260
125 261
130 263
136 265
143 267
149 269
155 271
161 273
167 274
173 275
178 276
183 277
189 278
194 278
199 279
204 279
208 280
213 281
217 282
221 283
225 285
228 287
231 290
234 294
236 297
238 301
240 305
241 309
242 313
243 317
244 321
244 324
244 327
244 330
244 332
243 334
242 336
241 338
241 339
240 340
240 340
241 338
242 335
243 330
245 325
246 318
247 310
248 302
249 294
250 286
252 278
253 270
254 262
256 255
257 248
257 243
258 238
258 234
259 230
260 228
261 225
264 224
267 222
271 221
275 219
279 218
283 217
288 216
292 216
297 215
302 215
308 215
314 215
320 215
327 216
436 14
341 218
348 218
354 219
359 219
364 220
436 14
436 14
436 14
436 14
383 228
385 230
387 232
389 235
391 237
393 239
436 14
436 14
436 14
436 14
436 14
436 14
436 14
436 14
436 14
436 14
436 14
436 14
436 14
436 14
436 14
436 14
436 14
436 14
436 14
436 14
436 14
436 14
436 14
436 14
436 14
436 14
436 14
436 14
